0 0.8054689 0.489258 0.060937 0.193359
0 0.759375 0.488281 0.040625 0.171875
0 0.557031 0.464844 0.023438 0.082031
0 0.657031 0.470703 0.032813 0.109375
0 0.207813 0.467773 0.03125 0.072266
0 0.157031 0.474609 0.026562 0.070312
0 0.088281 0.462891 0.023438 0.042969
0 0.7062923 0.4196254 0.01997466 0.03922087
0 0.7377534 0.4196254 0.02208614 0.04133233
0 0.1855274 0.4734749 0.0140625 0.05891171
0 0.1055596 0.4639364 0.01406249 0.03529254
0 0.1302689 0.4621195 0.01624274 0.03892624
0 0.2260174 0.4662074 0.01079214 0.03075036
0 0.2365552 0.4655261 0.01006539 0.03392985
0 0.6478925 0.4657533 0.0144259 0.08798149
0 0.6687863 0.4160167 0.012609 0.02212027
0 0.8580074 0.4352773 0.01971417 0.04084942
0 0.8927481 0.470392 0.04132318 0.1925283
0 0.9239981 0.4784954 0.03134966 0.1596991
1 0.8742191 0.517578 0.073438 0.128906
2 0.301563 0.485352 0.05 0.052734
2 0.328125 0.47168 0.040625 0.044922
2 0.496875 0.479492 0.053125 0.068359
2 0.429688 0.481445 0.09375 0.103516
2 0.5137597 0.4517761 0.0375 0.04077148
