car 98 232 124 256
car 120 238 154 266
car 147 228 173 255
car 207 204 220 222
car 218 199 231 214
car 229 207 244 225
car 214 225 234 247
car 195 233 233 270
person 337 215 345 226
person 329 215 336 224
person 323 218 330 225
person 245 215 253 224
person 256 219 263 229
person 278 228 288 238
person 292 233 300 245
bicycle 247 223 251 233
bicycle 255 228 263 233
bicycle 293 245 299 257
car 244 237 301 275
person 246 209 252 215
person 510 193 528 221
person 530 194 553 223
