0 0.294531 0.495117 0.095312 0.228516
0 0.01875 0.500977 0.034375 0.212891
0 0.0625 0.463867 0.021875 0.068359
0 0.917188 0.447266 0.06875 0.109375
0 0.1345592 0.4397061 0.01558689 0.03615662
0 0.1012132 0.4566173 0.01291921 0.04139674
0 0.07891895 0.4632865 0.01253811 0.0585461
0 0.1595368 0.441151 0.009950662 0.02991366
0 0.1525466 0.4425216 0.00967654 0.03402549
0 0.6273881 0.4415404 0.006450367 0.03510618
0 0.169673 0.4379356 0.008994925 0.03499788
1 0.9188263 0.5421261 0.1272485 0.05235332
2 0.5875 0.475586 0.034375 0.087891
2 0.525781 0.481445 0.098437 0.099609
2 0.4337209 0.4430514 0.01696949 0.02666241
