0 0.8914061 0.506836 0.042188 0.166016
0 0.857812 0.511719 0.0375 0.132812
0 0.689844 0.503906 0.042188 0.132812
0 0.64375 0.496094 0.046875 0.132812
0 0.592187 0.503906 0.046875 0.140625
0 0.55625 0.489258 0.025 0.087891
0 0.53125 0.489258 0.025 0.091797
0 0.515625 0.492188 0.021875 0.089844
0 0.484375 0.498047 0.021875 0.046875
0 0.714063 0.473633 0.028125 0.076172
0 0.4555669 0.4958549 0.009160566 0.03404564
0 0.4685877 0.4971953 0.008854151 0.03672642
2 0.296094 0.503906 0.085938 0.082031
2 0.35625 0.494141 0.046875 0.042969
2 0.415625 0.498047 0.0375 0.035156
2 0.3949837 0.4998856 0.01654265 0.02749878
