0 0.8710939 0.435547 0.026562 0.097656
0 0.928125 0.44043 0.0375 0.123047
0 0.628906 0.47168 0.120313 0.208984
0 0.8125 0.424805 0.025 0.052734
0 0.7729779 0.4399127 0.01636028 0.05319393
0 0.4728571 0.4548732 0.01290507 0.0251736
1 0.651563 0.580078 0.225 0.191406
1 0.4728571 0.4711493 0.005960607 0.02083334
2 0.573438 0.488281 0.0375 0.132812
2 0.702344 0.492188 0.148438 0.21875
2 0.341406 0.458008 0.032813 0.041016
2 0.426563 0.464844 0.040625 0.039062
2 0.390625 0.456055 0.028125 0.033203
2 0.3702291 0.4579871 0.01346154 0.01419774
