0 0.478906 0.480469 0.032813 0.117188
0 0.746094 0.475586 0.032813 0.119141
0 0.7875 0.464844 0.025 0.117188
0 0.76875 0.478516 0.03125 0.140625
0 0.857812 0.469727 0.028125 0.138672
0 0.877344 0.46582 0.026562 0.138672
0 0.9054689 0.46582 0.035937 0.146484
0 0.4624442 0.4763169 0.021875 0.1176758
0 0.6876953 0.4409165 0.01367188 0.04199219
0 0.7054688 0.4609361 0.0125 0.06835938
0 0.7179688 0.438231 0.0171875 0.04150391
0 0.02148438 0.4584947 0.01171875 0.04492188
0 0.008789063 0.4460435 0.01210937 0.03564453
0 0.3149427 0.4662532 0.01007314 0.03378493
1 0.01933594 0.4892564 0.03710938 0.03222656
2 0.189844 0.481445 0.098437 0.087891
2 0.254688 0.474609 0.046875 0.070312
2 0.289844 0.474609 0.023438 0.0625
2 0.378906 0.46875 0.029687 0.03125
2 0.410156 0.46582 0.035937 0.044922
2 0.3939354 0.4634765 0.009825205 0.01757813
