0 0.91875 0.463867 0.0375 0.177734
0 0.8914061 0.464844 0.032813 0.160156
0 0.849219 0.464844 0.045312 0.175781
0 0.720313 0.461914 0.025 0.103516
0 0.828125 0.416016 0.028125 0.074219
0 0.4796402 0.4591225 0.0116951 0.04125237
0 0.5056818 0.4620817 0.0107481 0.06374291
0 0.7027657 0.4583974 0.01328125 0.09082031
0 0.6512032 0.4469228 0.01953125 0.04833984
0 0.6787423 0.4527822 0.008203125 0.07080078
0 0.7373047 0.4359365 0.01835937 0.02929688
0 0.7486328 0.4249502 0.02148438 0.05322266
0 0.7830078 0.4269033 0.01679688 0.03173828
0 0.7673828 0.4349599 0.01757813 0.04785156
1 0.965625 0.529297 0.0625 0.199219
2 0.436719 0.458008 0.026562 0.029297
2 0.423438 0.472656 0.03125 0.035156
2 0.291406 0.46875 0.035937 0.046875
2 0.380446 0.4603062 0.02305872 0.02349669
