0 0.35 0.477539 0.04375 0.126953
0 0.723437 0.458984 0.028125 0.101562
0 0.701562 0.457031 0.025 0.101562
0 0.853125 0.466797 0.03125 0.140625
0 0.879687 0.46875 0.025 0.136719
0 0.903125 0.460938 0.03125 0.140625
0 0.772656 0.478516 0.029687 0.136719
0 0.750781 0.474609 0.026562 0.128906
0 0.01367188 0.4522976 0.01210937 0.04077148
0 0.02685547 0.4544339 0.01113281 0.04138184
0 0.4899126 0.4603881 0.01079216 0.02030343
0 0.7922454 0.4742293 0.02216434 0.129702
1 0.01660156 0.4889187 0.03164063 0.03100586
1 0.4906393 0.4726519 0.004251433 0.01394439
2 0.191406 0.479492 0.098437 0.091797
2 0.254688 0.475586 0.059375 0.064453
2 0.29375 0.473633 0.03125 0.052734
2 0.410938 0.466797 0.034375 0.039062
2 0.3763425 0.4655048 0.03063447 0.03415009
