0 0.182812 0.46875 0.03125 0.074219
0 0.522159 0.4568616 0.009128285 0.04499039
0 0.5100976 0.4556623 0.01022477 0.04396245
0 0.4678827 0.4505225 0.005838824 0.03436816
0 0.4755581 0.445554 0.006935311 0.02374589
0 0.5983337 0.4268837 0.006795072 0.0107649
0 0.8174471 0.4259753 0.0133357 0.02257448
2 0.442188 0.447266 0.028125 0.035156
2 0.333594 0.433594 0.023438 0.03125
2 0.31875 0.445312 0.025 0.03125
2 0.067969 0.489258 0.129688 0.099609
2 0.5204378 0.4518554 0.08667283 0.04917279
2 0.3651001 0.4368529 0.01196361 0.01262245
2 0.3958836 0.4346666 0.01849346 0.01466301
