0 0.528906 0.458008 0.026562 0.091797
0 0.55625 0.457031 0.028125 0.066406
0 0.5875 0.450195 0.0375 0.072266
0 0.775781 0.421875 0.035937 0.027344
0 0.892188 0.446289 0.034375 0.095703
0 0.861719 0.439453 0.029687 0.070312
0 0.623437 0.435547 0.021875 0.039062
0 0.4916619 0.4545426 0.01438136 0.01837534
0 0.6834668 0.4308261 0.01597576 0.0219627
0 0.7096148 0.4252457 0.01597576 0.02036828
0 0.05707908 0.4445777 0.01310587 0.02236131
0 0.07334183 0.4469693 0.01246811 0.0199697
0 0.08737244 0.4463714 0.01438138 0.02674586
1 0.01875 0.480469 0.0375 0.046875
1 0.4910242 0.4710844 0.005452776 0.01797673
2 0.192969 0.478516 0.095312 0.089844
2 0.273438 0.469727 0.06875 0.068359
2 0.323437 0.46875 0.046875 0.042969
2 0.378125 0.458984 0.040625 0.03125
2 0.411719 0.464844 0.035937 0.039062
2 0.701562 0.516602 0.425 0.162109
2 0.3606033 0.4603223 0.02012117 0.01877391
