0 0.939844 0.490234 0.117188 0.386719
0 0.720313 0.485352 0.103125 0.353516
0 0.667188 0.46582 0.046875 0.169922
0 0.619531 0.46582 0.045312 0.169922
0 0.592187 0.470703 0.025 0.070312
0 0.589063 0.44043 0.025 0.044922
0 0.565625 0.462891 0.021875 0.054688
0 0.489063 0.458984 0.025 0.066406
0 0.53125 0.458984 0.021875 0.066406
0 0.5098085 0.4598403 0.01235018 0.06386453
0 0.5204036 0.4599741 0.0104238 0.05182469
0 0.5478008 0.4638536 0.009139538 0.04727632
0 0.4709925 0.456793 0.007924127 0.04199219
2 0.351562 0.453125 0.053125 0.054688
2 0.328906 0.47168 0.070312 0.068359
2 0.423438 0.463867 0.0375 0.037109
2 0.3985133 0.4608532 0.01918106 0.02330279
