0 0.875 0.453125 0.021875 0.039062
0 0.810937 0.462891 0.028125 0.046875
0 0.735938 0.476562 0.021875 0.058594
0 0.703906 0.476562 0.023438 0.058594
0 0.5814036 0.4738719 0.01171875 0.03320313
0 0.5548411 0.4738719 0.0078125 0.02539063
0 0.6163645 0.4748485 0.01132813 0.03125
0 0.4956614 0.4633739 0.01210937 0.03271484
0 0.5157786 0.4702098 0.01328125 0.03662109
0 0.08812489 0.4568827 0.02122396 0.04443359
0 0.2685231 0.4701667 0.01040559 0.03461602
1 0.4946848 0.4938914 0.0109375 0.02636716
1 0.5163645 0.4953563 0.01132813 0.02246091
2 0.395313 0.474609 0.040625 0.039062
2 0.449219 0.490234 0.089063 0.089844
