0 0.055469 0.604492 0.110937 0.345703
2 0.28125 0.475586 0.0625 0.064453
2 0.319531 0.474609 0.026562 0.050781
2 0.341406 0.476562 0.023438 0.039062
2 0.504687 0.469727 0.028125 0.033203
2 0.365625 0.47168 0.025 0.029297
2 0.383689 0.4709688 0.01202445 0.02408853
2 0.3933131 0.4725257 0.0104393 0.02380547
2 0.4007859 0.4685628 0.0122509 0.02154097
2 0.4074662 0.4653076 0.008401299 0.01899344
2 0.4216193 0.4631846 0.0140625 0.01531363
2 0.4870537 0.4681563 0.009950685 0.02333471
2 0.4786655 0.4664088 0.007976961 0.01819488
2 0.472251 0.4618858 0.009292793 0.01449424
2 0.4486627 0.4542629 0.008155489 0.00852704
2 0.4330827 0.4554984 0.008568001 0.01178312
