0 0.067187 0.526367 0.05 0.208984
0 0.111719 0.521484 0.079687 0.230469
0 0.629687 0.514648 0.05625 0.248047
0 0.592969 0.499023 0.045312 0.228516
0 0.489063 0.452148 0.028125 0.083984
0 0.4346036 0.4306664 0.0123733 0.03763723
0 0.4618418 0.4520453 0.01026182 0.06772593
0 0.5638266 0.4668257 0.02166386 0.1490182
0 0.3081256 0.424332 0.008572626 0.02391258
2 0.034375 0.513672 0.06875 0.167969
2 0.190625 0.455078 0.10625 0.109375
2 0.257812 0.44043 0.071875 0.091797
2 0.365625 0.558594 0.25 0.253906
2 0.750781 0.503906 0.201563 0.164062
2 0.8476561 0.503906 0.301563 0.277344
2 0.95 0.579102 0.0875 0.244141
2 0.0793919 0.4401681 0.04826859 0.03552577
2 0.1518159 0.4713126 0.06220438 0.1052049
