0 0.113281 0.487305 0.051562 0.146484
0 0.180469 0.459961 0.073438 0.154297
0 0.575781 0.490234 0.054688 0.199219
0 0.61875 0.444336 0.034375 0.099609
0 0.700781 0.481445 0.051562 0.169922
0 0.658594 0.517578 0.057813 0.238281
0 0.817187 0.454102 0.046875 0.154297
0 0.775 0.522461 0.08125 0.275391
0 0.886719 0.525391 0.048438 0.191406
0 0.9460939 0.509766 0.098437 0.300781
0 0.378906 0.467773 0.032813 0.087891
0 0.2340012 0.4762245 0.01324012 0.04841694
1 0.174219 0.570312 0.035937 0.128906
1 0.1112689 0.5313761 0.02305872 0.100438
1 0.3877467 0.5007161 0.06916115 0.04533306
2 0.019531 0.494141 0.039062 0.09375
