0 0.239063 0.452148 0.028125 0.072266
0 0.203906 0.456055 0.023438 0.068359
0 0.0125 0.463867 0.025 0.169922
0 0.053125 0.461914 0.028125 0.099609
0 0.080469 0.459961 0.029687 0.099609
0 0.130599 0.4620699 0.02421875 0.07666019
0 0.1589193 0.4559663 0.02070313 0.07617188
0 0.1802083 0.460605 0.02109375 0.08251956
0 0.193099 0.4564546 0.01328125 0.07910156
0 0.3223553 0.4495341 0.01442587 0.03847203
0 0.2936035 0.4517412 0.01699219 0.05013022
2 0.442188 0.459961 0.046875 0.041016
2 0.359375 0.463867 0.05625 0.060547
