0 0.257812 0.511719 0.115625 0.273438
0 0.779687 0.450195 0.034375 0.095703
0 0.821875 0.436523 0.034375 0.091797
0 0.9315815 0.4467752 0.02732 0.1335819
0 0.9559659 0.4574286 0.0287405 0.1608073
0 0.4732227 0.4586137 0.01200657 0.02682978
1 0.4744563 0.4735191 0.007072353 0.01963404
1 0.2775298 0.5876085 0.2447173 0.1515067
2 0.341406 0.462891 0.035937 0.042969
2 0.394531 0.458008 0.023438 0.029297
2 0.426563 0.469727 0.0375 0.044922
2 0.66875 0.495117 0.234375 0.228516
2 0.3697784 0.4589261 0.01616588 0.01457334
