0 0.880469 0.5 0.023438 0.054688
0 0.771094 0.555664 0.051562 0.166016
0 0.4929644 0.5238237 0.008854198 0.02827382
0 0.6629793 0.5161507 0.01331849 0.02966887
2 0.232813 0.541992 0.075 0.060547
2 0.322656 0.517578 0.051562 0.074219
2 0.374219 0.530273 0.029687 0.041016
2 0.41875 0.53418 0.0875 0.099609
2 0.545312 0.540039 0.04375 0.087891
2 0.604688 0.556641 0.134375 0.144531
2 0.4675647 0.5245666 0.0237608 0.02195585
2 0.5070313 0.5242299 0.01594825 0.02195579
2 0.155506 0.5265679 0.07061012 0.03710938
