0 0.063281 0.456055 0.023438 0.091797
0 0.3625 0.461914 0.021875 0.052734
0 0.410938 0.455078 0.021875 0.046875
0 0.525 0.454102 0.021875 0.056641
0 0.0453559 0.4664592 0.01970486 0.07725695
0 0.1215173 0.4632162 0.01865809 0.07349113
0 0.1369891 0.4620673 0.01344975 0.06429994
0 0.182179 0.4519188 0.01069241 0.04093903
0 0.2079143 0.4528762 0.0162071 0.04055604
0 0.1662477 0.443302 0.01130515 0.02293965
0 0.1595075 0.4538336 0.01007965 0.03557754
0 0.3995462 0.4569247 0.01685269 0.04408482
0 0.3848978 0.4562271 0.01155136 0.04199219
0 0.5545289 0.455858 0.0173769 0.06226325
0 0.5695621 0.4620725 0.01051135 0.06463066
0 0.5802155 0.4617766 0.008143949 0.07232481
0 0.5922893 0.4597051 0.01098485 0.07646781
0 0.3126113 0.4525592 0.008358121 0.03090897
0 0.3047988 0.4524042 0.007118058 0.02439857
2 0.491406 0.461914 0.032813 0.044922
2 0.45 0.460938 0.0625 0.070312
2 0.5070621 0.4450566 0.02045455 0.02349669
2 0.3581511 0.4628123 0.0341856 0.03533381
2 0.378866 0.4573377 0.02305872 0.03799716
