0 0.035937 0.474609 0.025 0.082031
0 0.011719 0.475586 0.023438 0.083984
0 0.575 0.453125 0.021875 0.058594
0 0.642188 0.454102 0.021875 0.060547
0 0.1791167 0.471261 0.01646634 0.05764222
0 0.5901202 0.4557198 0.009773302 0.05089614
0 0.6040602 0.4578261 0.01069241 0.05510876
0 0.6140173 0.453422 0.01038604 0.05089614
0 0.621217 0.4526561 0.01069241 0.04476869
0 0.6299486 0.4518902 0.009773302 0.05625767
0 0.5227183 0.4359971 0.007935047 0.01451442
2 0.457813 0.444336 0.021875 0.029297
2 0.421875 0.489258 0.1 0.123047
2 0.353906 0.46582 0.045312 0.056641
2 0.270313 0.482422 0.115625 0.105469
