0 0.9835939 0.482422 0.029687 0.183594
0 0.982812 0.37793 0.028125 0.056641
0 0.9382809 0.492188 0.079687 0.328125
0 0.897656 0.508789 0.035937 0.119141
0 0.848437 0.499023 0.09375 0.314453
0 0.8039061 0.451172 0.054688 0.179688
0 0.757031 0.484375 0.054688 0.199219
0 0.708594 0.494141 0.023438 0.0625
0 0.659375 0.46582 0.0375 0.107422
0 0.395313 0.485352 0.034375 0.123047
0 0.688202 0.4886484 0.01267362 0.05620658
0 0.5886453 0.4709095 0.01344972 0.05893841
0 0.6030447 0.4716754 0.01222429 0.05740657
0 0.6151465 0.470335 0.01191792 0.0577895
0 0.6293928 0.4718668 0.01344972 0.05319396
0 0.5748585 0.4686117 0.009773254 0.05204505
0 0.5632163 0.470335 0.009773302 0.04783243
2 0.452344 0.476562 0.035937 0.035156
2 0.492188 0.476562 0.04375 0.035156
