0 0.902344 0.473633 0.042188 0.115234
0 0.804688 0.466797 0.021875 0.046875
0 0.825781 0.455078 0.023438 0.027344
0 0.757031 0.46582 0.023438 0.048828
0 0.6751302 0.4776925 0.01102433 0.05230036
0 0.7254774 0.4679269 0.01362844 0.04144964
0 0.4913195 0.4690119 0.01145835 0.0360243
0 0.5110677 0.4695544 0.01362848 0.03168401
0 0.577257 0.4763361 0.009722185 0.02788627
0 0.5538195 0.4752511 0.007118082 0.0268012
0 0.6089426 0.4777782 0.008203125 0.03222656
1 0.4941406 0.4958674 0.01015625 0.02137586
1 0.5121528 0.4964099 0.01319447 0.02354604
2 0.061719 0.523438 0.123438 0.320312
2 0.447656 0.493164 0.079687 0.083984
2 0.355469 0.479492 0.089063 0.037109
