0 0.709375 0.453125 0.025 0.070312
0 0.4972103 0.4573933 0.01214924 0.03950095
0 0.4820636 0.4575925 0.01119261 0.03910235
0 0.6210942 0.4559982 0.01629462 0.05664063
0 0.6890151 0.4526101 0.01310587 0.06261957
0 0.6749846 0.4534073 0.008641576 0.05783641
0 0.6569679 0.4520122 0.01278696 0.05504626
0 0.1166103 0.4664543 0.02878605 0.04875299
0 0.1081968 0.4433548 0.01676683 0.03109977
0 0.1721992 0.4553741 0.01075721 0.03861177
0 0.1577761 0.4561253 0.006550479 0.02884614
1 0.113281 0.492188 0.035937 0.035156
2 0.903125 0.475586 0.14375 0.107422
2 0.463281 0.464844 0.026562 0.039062
2 0.433594 0.458984 0.035937 0.050781
2 0.3933678 0.4590766 0.01902282 0.02222842
2 0.4039084 0.4548913 0.01232641 0.01819816
