0 0.541406 0.485352 0.057813 0.146484
0 0.734375 0.500977 0.075 0.228516
0 0.852344 0.475586 0.042188 0.166016
0 0.9 0.49707 0.046875 0.181641
0 0.9539059 0.482422 0.045312 0.171875
0 0.973437 0.476562 0.0375 0.164062
0 0.6636161 0.4717054 0.01171875 0.0737305
0 0.5002217 0.4893526 0.01022992 0.06069425
0 0.4841545 0.4891684 0.01288323 0.06253687
1 0.739062 0.5625 0.06875 0.140625
1 0.530469 0.533203 0.045312 0.097656
1 0.6659598 0.4919691 0.05234375 0.03222659
2 0.316406 0.501953 0.129688 0.125
2 0.182031 0.486328 0.120313 0.113281
2 0.078906 0.482422 0.076563 0.074219
2 0.025 0.493164 0.05 0.044922
