0 0.73125 0.608398 0.296875 0.736328
0 0.303125 0.481445 0.025 0.111328
0 0.185938 0.480469 0.046875 0.128906
0 0.320312 0.479492 0.025 0.111328
0 0.8490235 0.4752563 0.03632813 0.06054688
0 0.8361328 0.4630492 0.02617187 0.03515625
0 0.2472656 0.4632934 0.0109375 0.03955078
0 0.2589844 0.4667113 0.01171875 0.04443359
0 0.28125 0.4520629 0.009375 0.02001953
0 0.09353739 0.472317 0.009408248 0.03212267
0 0.1041757 0.4660836 0.01007314 0.027136
1 0.909375 0.479492 0.028125 0.068359
2 0.439844 0.472656 0.048438 0.0625
