0 0.646875 0.473633 0.025 0.095703
0 0.625781 0.46875 0.026562 0.105469
0 0.542188 0.461914 0.021875 0.056641
0 0.304688 0.469727 0.025 0.044922
0 0.276562 0.470703 0.028125 0.054688
0 0.6720199 0.4427865 0.02317705 0.03466797
0 0.5870324 0.4633806 0.01629462 0.0721859
0 0.5932505 0.4420557 0.01151152 0.03192762
0 0.3244367 0.4699575 0.02235332 0.04866868
0 0.3566434 0.4653736 0.01661353 0.05066168
0 0.01897321 0.4713525 0.01151148 0.07537466
0 0.03061225 0.4685624 0.01884566 0.07537469
0 0.05006378 0.4655729 0.01884567 0.07338172
0 0.1114477 0.4621848 0.01597576 0.05145887
0 0.1305804 0.4613876 0.01661352 0.04986447
0 0.1552527 0.4578647 0.01373005 0.05206949
0 0.08680473 0.4588874 0.01634114 0.04646811
2 0.371875 0.466797 0.025 0.042969
2 0.502344 0.474609 0.035937 0.042969
2 0.45625 0.46875 0.071875 0.074219
2 0.3451638 0.4701568 0.02044005 0.03631219
2 0.5165604 0.4532164 0.02841196 0.02555007
