0 0.474219 0.476562 0.054688 0.128906
0 0.246094 0.481445 0.048438 0.126953
0 0.901563 0.464844 0.0375 0.148438
0 0.867969 0.474609 0.032813 0.136719
0 0.760156 0.47168 0.042188 0.115234
0 0.014063 0.485352 0.028125 0.107422
0 0.73125 0.457031 0.034375 0.105469
0 0.704688 0.461914 0.025 0.099609
0 0.794531 0.476562 0.032813 0.132812
0 0.5621827 0.46356 0.007935047 0.03481159
0 0.5545233 0.462794 0.008547783 0.03557754
0 0.4900029 0.4584329 0.01217675 0.01993534
0 0.4499975 0.4636524 0.009752179 0.03374192
0 0.2613965 0.4842973 0.04649176 0.117077
1 0.033594 0.486328 0.023438 0.03125
1 0.4910805 0.4705557 0.00625 0.01252693
2 0.183594 0.481445 0.085938 0.091797
2 0.297656 0.47168 0.026562 0.056641
2 0.375781 0.464844 0.035937 0.03125
2 0.413281 0.46582 0.029687 0.037109
