0 0.949219 0.488281 0.042188 0.183594
0 0.915625 0.493164 0.046875 0.177734
0 0.794531 0.485352 0.048438 0.189453
0 0.678125 0.486328 0.040625 0.101562
0 0.622656 0.487305 0.048438 0.107422
0 0.576562 0.486328 0.040625 0.097656
0 0.534375 0.503906 0.05625 0.132812
0 0.4625 0.463867 0.0375 0.123047
0 0.425 0.488281 0.03125 0.070312
0 0.408594 0.467773 0.023438 0.072266
0 0.384375 0.466797 0.03125 0.074219
0 0.364063 0.460938 0.028125 0.078125
0 0.2125 0.472656 0.034375 0.097656
0 0.298438 0.459961 0.03125 0.068359
0 0.096875 0.444336 0.03125 0.064453
0 0.039844 0.466797 0.035937 0.070312
0 0.4374184 0.4587313 0.01450892 0.06222099
0 0.8162947 0.4472916 0.0265625 0.06947544
0 0.8361607 0.4553831 0.01272325 0.08007813
0 0.9892856 0.5017 0.01986608 0.09905133
0 0.2600492 0.4725739 0.02024739 0.0456543
0 0.2756742 0.461791 0.009830737 0.06640625
0 0.06738482 0.4836416 0.01470026 0.07617188
0 0.6943108 0.4849018 0.05372596 0.2003706
