0 0.817969 0.477539 0.032813 0.103516
0 0.785156 0.476562 0.032813 0.109375
0 0.164062 0.475586 0.040625 0.099609
0 0.289062 0.47168 0.021875 0.037109
0 0.135156 0.462891 0.023438 0.03125
0 0.008064515 0.48235 0.01456653 0.06672126
0 0.02671371 0.4867603 0.01557459 0.05538052
0 0.1862399 0.4769947 0.0110383 0.04214969
0 0.1953125 0.4832951 0.009022188 0.03332913
0 0.2256402 0.4590871 0.008203125 0.01391602
0 0.2393121 0.4601043 0.0095052 0.01269531
1 0.164062 0.507812 0.034375 0.058594
1 0.292187 0.496094 0.028125 0.039062
2 0.239063 0.490234 0.065625 0.058594
2 0.34375 0.476562 0.078125 0.074219
2 0.482812 0.517578 0.178125 0.1875
2 0.9648439 0.547852 0.067187 0.220703
2 0.392969 0.464844 0.026562 0.03125
