0 0.132812 0.507812 0.0875 0.222656
0 0.246875 0.504883 0.059375 0.193359
0 0.334375 0.501953 0.08125 0.195312
0 0.685156 0.47168 0.051562 0.162109
0 0.732812 0.448242 0.021875 0.134766
0 0.752344 0.462891 0.045312 0.160156
2 0.084375 0.49707 0.053125 0.072266
2 0.190625 0.473633 0.08125 0.095703
2 0.503125 0.458008 0.04375 0.044922
2 0.625 0.46875 0.10625 0.074219
2 0.4606403 0.4542339 0.01342473 0.01598373
2 0.4792946 0.4528388 0.01310587 0.01717952
2 0.4395944 0.4542339 0.01470027 0.01757813
