0 0.054688 0.508789 0.040625 0.083984
0 0.082812 0.509766 0.028125 0.089844
0 0.1255095 0.4821677 0.02021781 0.04657909
1 0.05215372 0.533577 0.03179898 0.04661107
1 0.08085938 0.527096 0.02447916 0.03955078
2 0.178125 0.509766 0.13125 0.074219
2 0.278125 0.514648 0.09375 0.076172
2 0.417187 0.533203 0.11875 0.109375
2 0.475 0.509766 0.0375 0.058594
2 0.01339286 0.5106164 0.02522321 0.08454239
2 0.5066649 0.5126483 0.02211175 0.04480353
2 0.5390985 0.5170872 0.0263731 0.03592569
2 0.3413448 0.5061833 0.0438004 0.05538055
