0 0.504687 0.463867 0.046875 0.095703
0 0.299219 0.461914 0.051562 0.103516
0 0.255469 0.46875 0.051562 0.101562
0 0.409375 0.461914 0.0375 0.099609
0 0.38125 0.447266 0.025 0.070312
0 0.364844 0.464844 0.042188 0.101562
0 0.345313 0.444336 0.021875 0.060547
0 0.2412718 0.4461562 0.01486378 0.0461238
2 0.9210941 0.594727 0.154688 0.310547
2 0.549219 0.449219 0.082812 0.070312
2 0.654687 0.456055 0.071875 0.060547
2 0.470313 0.459961 0.053125 0.064453
2 0.164844 0.486328 0.098437 0.109375
2 0.086719 0.500977 0.170313 0.177734
2 0.4328717 0.4489106 0.03107638 0.03667536
