0 0.8625 0.459961 0.04375 0.146484
0 0.61875 0.442383 0.025 0.041016
0 0.909375 0.413086 0.03125 0.041016
0 0.941406 0.412109 0.029687 0.039062
0 0.6535395 0.4280205 0.01278701 0.0331234
0 0.6910076 0.4246324 0.01055484 0.03033322
0 0.6417411 0.4310099 0.008322716 0.02634725
0 0.5766901 0.441772 0.0108737 0.0327248
0 0.9815625 0.454647 0.01656246 0.1183594
0 0.9642187 0.4308189 0.01500006 0.07929686
0 0.01078125 0.4528892 0.01875 0.1101563
0 0.456797 0.4498906 0.0115767 0.02512428
0 0.05411801 0.4615445 0.01302083 0.05881077
0 0.03884024 0.4598083 0.01440972 0.06401911
0 0.9934028 0.4372389 0.01163197 0.1291233
1 0.457681 0.4610356 0.005097342 0.01693776
2 0.351562 0.453125 0.025 0.03125
2 0.420312 0.455078 0.034375 0.03125
2 0.520312 0.460938 0.084375 0.089844
2 0.385937 0.453125 0.028125 0.027344
