0 0.765625 0.487305 0.0875 0.263672
0 0.614062 0.488281 0.03125 0.105469
0 0.1032776 0.4660665 0.01257441 0.04920015
0 0.1581511 0.4602537 0.009226191 0.02920386
0 0.1657776 0.4623463 0.007366073 0.0296689
0 0.1743341 0.4642064 0.01034226 0.02873883
0 0.219721 0.4567659 0.01183035 0.02222842
1 0.763281 0.581055 0.092188 0.154297
1 0.613281 0.535156 0.029687 0.0625
2 0.58125 0.475586 0.046875 0.080078
2 0.433594 0.491211 0.107813 0.115234
2 0.507812 0.470703 0.028125 0.027344
2 0.453906 0.444336 0.057813 0.044922
2 0.3878758 0.4644389 0.02001488 0.04129466
