0 0.05 0.489258 0.034375 0.115234
0 0.9335939 0.438477 0.026562 0.056641
0 0.6843042 0.4477814 0.01911764 0.06410846
0 0.7201498 0.4563982 0.01819854 0.03768381
0 0.7518594 0.4477814 0.02371321 0.06181067
0 0.08918339 0.4526384 0.01195101 0.02021748
0 0.1105094 0.4531663 0.0140625 0.02549618
0 0.1436597 0.4552778 0.01110642 0.02338469
0 0.1606195 0.4559622 0.0046875 0.01473722
0 0.1674377 0.4531214 0.005255687 0.01828834
1 0.05 0.533203 0.05 0.066406
2 0.275781 0.486328 0.101562 0.113281
2 0.457813 0.482422 0.121875 0.152344
2 0.34375 0.480469 0.040625 0.046875
2 0.3625 0.472656 0.021875 0.035156
