0 0.666406 0.492188 0.067187 0.230469
0 0.602344 0.500977 0.085938 0.205078
0 0.528906 0.466797 0.032813 0.105469
0 0.574219 0.430664 0.029687 0.060547
0 0.553125 0.46582 0.03125 0.119141
0 0.508594 0.461914 0.026562 0.103516
0 0.457813 0.441406 0.028125 0.074219
2 0.05625 0.500977 0.1125 0.212891
2 0.0953125 0.464844 0.190625 0.226562
2 0.200781 0.429688 0.067187 0.0625
2 0.325 0.551758 0.303125 0.302734
2 0.846875 0.493164 0.303125 0.232422
2 0.9070311 0.542969 0.179688 0.230469
2 0.6801681 0.4780471 0.1352515 0.1500095
2 0.1904679 0.4633198 0.03142361 0.03982207
