0 0.234375 0.455078 0.021875 0.054688
0 0.845313 0.4375 0.03125 0.058594
0 0.876563 0.436523 0.034375 0.052734
0 0.2579153 0.4535681 0.01484375 0.05419922
0 0.021875 0.4740759 0.0171875 0.07373044
0 0.03476562 0.469193 0.0171875 0.07861325
0 0.00390625 0.4765173 0.006250001 0.08837888
0 0.5164062 0.4540564 0.01015625 0.05419922
0 0.5570313 0.4540564 0.01328125 0.02880859
0 0.3996054 0.4383056 0.01232641 0.01627603
1 0.500781 0.462891 0.026562 0.035156
1 0.5285867 0.4673065 0.01122155 0.03249288
1 0.4537287 0.4657085 0.01321025 0.03568891
2 0.754687 0.513672 0.209375 0.160156
2 0.892969 0.5625 0.207813 0.292969
