0 0.795312 0.529297 0.08125 0.308594
0 0.703906 0.532227 0.126562 0.271484
0 0.574219 0.485352 0.035937 0.123047
0 0.6375 0.479492 0.040625 0.130859
0 0.530469 0.47168 0.032813 0.123047
0 0.54375 0.480469 0.034375 0.117188
0 0.471875 0.455078 0.028125 0.082031
0 0.5081474 0.4485315 0.0140625 0.05664063
0 0.514788 0.4548792 0.0125 0.06933594
0 0.5869635 0.4774184 0.02049632 0.1353401
2 0.084375 0.477539 0.1625 0.251953
2 0.027344 0.53125 0.054688 0.261719
2 0.176563 0.489258 0.040625 0.087891
2 0.185938 0.4375 0.0875 0.066406
2 0.322656 0.560547 0.307812 0.3125
2 0.9054691 0.510742 0.185938 0.271484
2 0.438281 0.458984 0.029687 0.054688
2 0.7355324 0.5046296 0.183044 0.1940827
