0 0.035156 0.539062 0.067187 0.328125
0 0.782813 0.553711 0.075 0.380859
0 0.710938 0.523438 0.09375 0.34375
0 0.66875 0.472656 0.04375 0.191406
0 0.630469 0.466797 0.051562 0.191406
0 0.595313 0.460938 0.0375 0.179688
0 0.485938 0.451172 0.025 0.09375
0 0.508594 0.449219 0.029687 0.101562
0 0.4657452 0.4419075 0.01466346 0.08443511
2 0.259375 0.422852 0.0625 0.072266
2 0.171875 0.443359 0.15 0.117188
2 0.110937 0.462891 0.13125 0.117188
2 0.0875 0.473633 0.1 0.115234
2 0.345313 0.546875 0.25 0.25
2 0.8976561 0.513672 0.201563 0.324219
