0 0.453125 0.572266 0.19375 0.644531
0 0.826562 0.475586 0.028125 0.072266
0 0.8585939 0.476562 0.029687 0.074219
0 0.920312 0.463867 0.021875 0.068359
0 0.948438 0.46582 0.021875 0.068359
0 0.096875 0.461914 0.025 0.087891
0 0.7921518 0.4577703 0.0112216 0.05013022
0 0.9621212 0.4704952 0.0154829 0.08268231
0 0.6200284 0.4722707 0.0235322 0.08031484
0 0.3138677 0.4373772 0.01102431 0.01269531
0 0.3251524 0.4368347 0.01102428 0.01486546
0 0.2385638 0.4422601 0.0140625 0.01920572
0 0.2478299 0.4422601 0.01059027 0.01595053
0 0.8034207 0.4610634 0.01237326 0.04608318
0 0.1504585 0.444798 0.01955236 0.05927998
1 0.5038868 0.7115368 0.5697994 0.375068
2 0.694531 0.508789 0.173437 0.166016
2 0.8992189 0.469727 0.035937 0.041016
2 0.4961938 0.4532281 0.01825457 0.02424732
2 0.5602182 0.4591827 0.02511435 0.02853468
