0 0.8210939 0.442383 0.029687 0.091797
0 0.79375 0.457031 0.03125 0.105469
0 0.4647017 0.4615786 0.01066575 0.02323937
0 0.5159925 0.4600217 0.0108922 0.02748528
0 0.4859404 0.4583319 0.008014107 0.02734375
0 0.5352095 0.4463611 0.00625 0.01663306
0 0.5697357 0.452504 0.01280241 0.03521925
1 0.4649282 0.4747409 0.00840125 0.01955953
2 0.664844 0.496094 0.232813 0.226562
2 0.424219 0.470703 0.042188 0.042969
2 0.334375 0.463867 0.0375 0.041016
2 0.3917772 0.464085 0.02174261 0.02850237
2 0.3687369 0.4659058 0.01909428 0.01426774
