0 0.978906 0.433594 0.023438 0.074219
0 0.632031 0.458008 0.026562 0.083984
0 0.6047298 0.4672143 0.0187078 0.08039486
0 0.707845 0.4368004 0.01829429 0.06477863
0 0.1342084 0.4613906 0.009970236 0.03385416
0 0.142951 0.4711562 0.01108631 0.04501489
0 0.4508216 0.4605013 0.009722233 0.02047166
0 0.5683911 0.4474931 0.01161151 0.02945006
0 0.5768164 0.4495994 0.01007967 0.03979012
0 0.5906031 0.4520887 0.008854198 0.05166206
0 0.734375 0.4673926 0.0296875 0.07059154
1 0.970313 0.552734 0.053125 0.191406
1 0.4518343 0.4711711 0.006539392 0.01432291
2 0.0539065 0.49707 0.107813 0.138672
2 0.189062 0.483398 0.09375 0.083984
2 0.270313 0.472656 0.053125 0.058594
2 0.305469 0.470703 0.042188 0.042969
2 0.33125 0.470703 0.028125 0.035156
2 0.390625 0.464844 0.03125 0.035156
2 0.3594171 0.4634524 0.02089844 0.02368164
