0 0.311719 0.594727 0.145313 0.353516
0 0.246094 0.583984 0.095312 0.457031
2 0.341406 0.473633 0.032813 0.037109
2 0.505469 0.473633 0.032813 0.029297
2 0.2985901 0.47545 0.06217105 0.046875
2 0.3680803 0.4723661 0.021875 0.02785772
2 0.384836 0.4733941 0.01015625 0.02374586
2 0.3930597 0.4724946 0.0113898 0.02451685
2 0.4045729 0.4690253 0.01303456 0.02425987
2 0.4206091 0.4642709 0.0109786 0.01680717
2 0.4857817 0.4681258 0.01015625 0.02554482
2 0.4783804 0.4673548 0.009333849 0.01732114
2 0.4724182 0.4613155 0.01221218 0.01655018
2 0.447901 0.4542508 0.01007318 0.009266943
2 0.4331071 0.4548742 0.009740686 0.009682506
