0 0.6209477 0.4723603 0.01555061 0.05152529
0 0.2798713 0.4606877 0.01344976 0.06583181
0 0.5456397 0.4590797 0.008453513 0.03210136
1 0.8845216 0.5133898 0.07529564 0.07828337
2 0.741406 0.49707 0.117188 0.087891
2 0.503906 0.461914 0.032813 0.029297
2 0.357812 0.452148 0.028125 0.033203
2 0.094531 0.498047 0.173437 0.171875
2 0.209375 0.489258 0.10625 0.123047
2 0.464062 0.455078 0.025 0.027344
2 0.4826371 0.4586479 0.01455851 0.02098835
2 0.4435746 0.4536876 0.0143105 0.01540798
2 0.4243534 0.4516725 0.01207838 0.01199779
2 0.4107125 0.4510524 0.01307044 0.01633802
