0 0.851562 0.453125 0.034375 0.140625
0 0.823438 0.442383 0.034375 0.146484
0 0.927344 0.457031 0.048438 0.183594
0 0.979688 0.458984 0.034375 0.183594
0 0.64375 0.459961 0.025 0.068359
0 0.611719 0.460938 0.023438 0.066406
0 0.578906 0.458008 0.023438 0.060547
0 0.551562 0.460938 0.025 0.074219
0 0.5972608 0.4531396 0.0140625 0.06594121
0 0.6856165 0.4524421 0.0166667 0.06547621
0 0.4569879 0.4528517 0.0112216 0.02077416
0 0.5248857 0.4498332 0.009517049 0.03107244
0 0.06818181 0.4574681 0.01150568 0.05344462
1 0.4561357 0.4649255 0.005539751 0.01438209
2 0.390625 0.458008 0.03125 0.033203
2 0.344531 0.461914 0.026562 0.033203
2 0.314063 0.463867 0.034375 0.044922
2 0.3662209 0.458711 0.02173295 0.02610084
