0 0.722656 0.477539 0.060937 0.208984
0 0.671094 0.423828 0.035937 0.097656
0 0.664062 0.487305 0.053125 0.189453
0 0.929688 0.529297 0.128125 0.617188
0 0.626563 0.470703 0.028125 0.089844
0 0.596094 0.46875 0.035937 0.101562
0 0.540625 0.466797 0.028125 0.082031
0 0.517188 0.46582 0.028125 0.083984
0 0.5718574 0.468128 0.01099329 0.05768695
0 0.4916398 0.4714414 0.01517859 0.06780136
2 0.428125 0.470703 0.04375 0.035156
2 0.347656 0.464844 0.060937 0.070312
2 0.314063 0.488281 0.090625 0.078125
2 0.396875 0.469727 0.025 0.029297
