0 0.757031 0.498047 0.082812 0.273438
0 0.8585939 0.504883 0.110937 0.263672
0 0.978906 0.508789 0.032813 0.283203
0 0.566406 0.481445 0.035937 0.158203
0 0.596875 0.470703 0.028125 0.117188
0 0.516406 0.463867 0.023438 0.056641
0 0.4789895 0.4673181 0.01753473 0.06260848
0 0.4973272 0.4648767 0.01297741 0.055013
0 0.5481085 0.4785758 0.01861982 0.113878
2 0.354687 0.475586 0.053125 0.044922
2 0.425781 0.470703 0.032813 0.035156
2 0.369531 0.462891 0.042188 0.054688
2 0.4018807 0.464389 0.0129849 0.01623112
