0 0.649219 0.505859 0.067187 0.191406
0 0.6875 0.489258 0.046875 0.166016
0 0.742969 0.486328 0.060937 0.160156
0 0.5479844 0.4611802 0.0153923 0.05913398
0 0.5762423 0.461388 0.02270613 0.06287399
0 0.07750823 0.4726827 0.01282895 0.04841691
0 0.125 0.4721687 0.009950662 0.03402549
0 0.004523026 0.4716547 0.007483552 0.06178039
0 0.01439145 0.4767945 0.01241776 0.06383634
0 0.01685855 0.4834762 0.00830592 0.04944488
0 0.8021206 0.4859888 0.06986608 0.1503906
2 0.857812 0.459961 0.090625 0.072266
2 0.163281 0.477539 0.045312 0.044922
2 0.7695492 0.4710067 0.02896075 0.04801053
2 0.355469 0.615234 0.510938 0.476562
2 0.1783537 0.4699929 0.02282774 0.03901485
