0 0.945312 0.474609 0.059375 0.207031
0 0.821094 0.448242 0.048438 0.158203
0 0.696094 0.453125 0.032813 0.085938
0 0.485156 0.461914 0.023438 0.044922
0 0.788281 0.439453 0.026562 0.078125
0 0.917188 0.416016 0.025 0.046875
0 0.5178348 0.4551712 0.0140625 0.04927036
0 0.8508976 0.4350558 0.02337093 0.05373174
0 0.9045877 0.4645605 0.01904917 0.1318567
0 0.9587766 0.39163 0.01505985 0.02588928
0 0.9803856 0.4263291 0.01971407 0.08365193
0 0.9926862 0.4279913 0.01306515 0.06370515
0 0.508201 0.4609782 0.009090948 0.04243609
2 0.246875 0.477539 0.0625 0.060547
2 0.423438 0.46875 0.040625 0.03125
2 0.3764727 0.4656739 0.02261202 0.01942068
2 0.4417728 0.4643984 0.01914063 0.02734375
