0 0.939844 0.464844 0.060937 0.175781
0 0.965625 0.458984 0.0625 0.183594
0 0.1877785 0.4317475 0.02757601 0.08778507
0 0.211216 0.4156474 0.01786315 0.03024706
0 0.2285302 0.3945325 0.01701858 0.03235853
0 0.5472326 0.4622051 0.01369915 0.05845746
0 0.579936 0.4594798 0.01660609 0.06390807
0 0.5210756 0.4131499 0.02096653 0.04755634
2 0.848437 0.459961 0.06875 0.072266
2 0.353125 0.619141 0.503125 0.472656
2 0.071875 0.472656 0.140625 0.09375
2 0.773438 0.46875 0.04375 0.050781
2 0.901563 0.455078 0.05 0.082031
