0 0.8554689 0.503906 0.029687 0.136719
0 0.9125 0.511719 0.040625 0.15625
0 0.963281 0.50293 0.026562 0.134766
0 0.985938 0.500977 0.021875 0.150391
0 0.2727556 0.4539837 0.008305931 0.0141516
0 0.2835835 0.4543263 0.008031798 0.0141516
0 0.3141482 0.4596374 0.008854151 0.02066201
0 0.3055133 0.462036 0.006935311 0.01723546
0 0.5808697 0.4762561 0.01049886 0.04430509
0 0.5911492 0.4765988 0.009676504 0.03950796
2 0.532813 0.481445 0.05 0.052734
2 0.449219 0.472656 0.048438 0.058594
2 0.330469 0.478516 0.045312 0.042969
2 0.274219 0.487305 0.067187 0.052734
2 0.372656 0.47168 0.029687 0.033203
2 0.3937808 0.4668332 0.01515899 0.02751508
2 0.3510995 0.4759774 0.01959136 0.03410456
