0 0.75625 0.466797 0.021875 0.074219
0 0.734375 0.486328 0.05625 0.105469
0 0.516406 0.474609 0.032813 0.132812
0 0.707031 0.483398 0.023438 0.107422
0 0.8265766 0.4693639 0.04263391 0.04994419
0 0.8437641 0.4777344 0.04933042 0.06668526
0 0.09511719 0.4719099 0.008203125 0.02978516
0 0.1052734 0.4655623 0.009765625 0.02294922
0 0.1855469 0.4680037 0.0109375 0.04833984
0 0.2511719 0.4619002 0.01171875 0.03613281
0 0.2638672 0.4640974 0.01054688 0.04345703
0 0.2800781 0.4604353 0.01171875 0.03710938
0 0.1671464 0.4565485 0.01118422 0.02888569
1 0.909375 0.481445 0.0375 0.068359
1 0.4863281 0.4709334 0.02421875 0.02587891
2 0.435937 0.464844 0.040625 0.050781
2 0.4048828 0.4584822 0.02226562 0.02832031
