0 0.667188 0.458008 0.021875 0.083984
0 0.641406 0.456055 0.029687 0.099609
0 0.620313 0.464844 0.03125 0.085938
0 0.586719 0.457031 0.023438 0.09375
0 0.70625 0.459961 0.028125 0.091797
0 0.6861655 0.4533731 0.02226562 0.1015625
0 0.4739437 0.4509028 0.01140924 0.02457991
0 0.04746462 0.436715 0.0114092 0.02568543
0 0.03080778 0.4400316 0.008166274 0.02568546
0 0.01090802 0.4420584 0.006102594 0.03121313
0 0.1301592 0.4398474 0.01052477 0.01868367
0 0.140625 0.4569833 0.009640336 0.04116306
0 0.1481427 0.4544036 0.008166278 0.03968897
0 0.1549233 0.4485074 0.008755887 0.03674084
1 0.4742385 0.464722 0.006102609 0.01905218
1 0.08274249 0.4680419 0.03338816 0.03967929
2 0.270313 0.464844 0.059375 0.0625
2 0.321094 0.458984 0.045312 0.039062
2 0.349219 0.459961 0.032813 0.029297
2 0.396875 0.457031 0.0375 0.035156
2 0.3711675 0.4555092 0.02497051 0.02568546
