0 0.280469 0.478516 0.048438 0.128906
0 0.703906 0.466797 0.026562 0.105469
0 0.73125 0.466797 0.03125 0.117188
0 0.839844 0.47168 0.032813 0.138672
0 0.869531 0.469727 0.032813 0.138672
0 0.903125 0.464844 0.0375 0.148438
0 0.789844 0.469727 0.026562 0.119141
0 0.773438 0.480469 0.028125 0.136719
0 0.753906 0.46875 0.023438 0.121094
0 0.011719 0.490234 0.023438 0.097656
0 0.4898465 0.4654976 0.01606574 0.03560698
0 0.01391602 0.4486355 0.01455078 0.02978516
0 0.02460642 0.450781 0.01074811 0.02172109
1 0.4912487 0.47326 0.007652235 0.02308694
2 0.192188 0.480469 0.103125 0.089844
2 0.252344 0.47168 0.048438 0.068359
2 0.378125 0.467773 0.0375 0.029297
2 0.4125 0.467773 0.034375 0.041016
