0 0.035937 0.459961 0.021875 0.052734
0 0.120313 0.460938 0.021875 0.054688
0 0.158594 0.474609 0.035937 0.117188
0 0.182031 0.469727 0.029687 0.107422
0 0.250781 0.472656 0.042188 0.121094
0 0.30625 0.479492 0.034375 0.072266
0 0.335156 0.480469 0.029687 0.070312
0 0.360938 0.482422 0.0375 0.078125
0 0.409375 0.481445 0.04375 0.072266
0 0.570312 0.490234 0.0375 0.125
0 0.596094 0.486328 0.029687 0.125
0 0.525781 0.456055 0.023438 0.052734
0 0.50625 0.459961 0.025 0.052734
0 0.2050253 0.4665078 0.01321791 0.06403083
0 0.2157939 0.4831358 0.01617398 0.08145061
0 0.09142736 0.4702029 0.01321791 0.04186019
0 0.1032517 0.4646602 0.01490709 0.05611277
0 0.2816723 0.469675 0.01279562 0.05875212
0 0.4869088 0.4577979 0.01532941 0.06667018
