0 0.839063 0.466797 0.028125 0.117188
0 0.8742189 0.475586 0.035937 0.123047
0 0.915625 0.473633 0.03125 0.126953
0 0.95625 0.472656 0.03125 0.125
0 0.089844 0.470703 0.026562 0.085938
0 0.9893664 0.4734516 0.01970482 0.1141493
0 0.8196615 0.4574468 0.01970491 0.1027561
0 0.07176192 0.4629626 0.01629465 0.05524552
0 0.03307145 0.4604049 0.01703869 0.0687314
0 0.02079466 0.4629626 0.01257441 0.04501486
0 0.04557292 0.4538945 0.01369047 0.05478051
0 0.1663738 0.4713191 0.02104389 0.05456284
0 0.4854701 0.4640617 0.01765199 0.02523229
0 0.5046846 0.458915 0.01216216 0.03499788
0 0.5303392 0.4653814 0.01195102 0.05004224
0 0.5213653 0.4623462 0.007939195 0.03974873
0 0.1780317 0.4574857 0.007645094 0.03327289
0 0.1940752 0.4592296 0.01517857 0.03536549
1 0.4849423 0.4812176 0.009417248 0.02998313
2 0.38125 0.466797 0.03125 0.039062
2 0.415625 0.461914 0.025 0.029297
2 0.447656 0.46875 0.045312 0.054688
2 0.4828308 0.4698683 0.0296875 0.03473395
