0 0.047656 0.445312 0.026562 0.082031
0 0.1333339 0.4386469 0.01338315 0.06173575
0 0.1438638 0.4191157 0.008627725 0.02097487
0 0.5467351 0.434018 0.01375613 0.05357692
0 0.6959386 0.4146783 0.01743259 0.04553464
2 0.633594 0.464844 0.148438 0.113281
2 0.492188 0.433594 0.04375 0.046875
2 0.453125 0.435547 0.025 0.027344
2 0.375 0.44043 0.034375 0.037109
2 0.401562 0.429688 0.021875 0.03125
2 0.269531 0.443359 0.035937 0.054688
2 0.238281 0.442383 0.032813 0.056641
2 0.190625 0.447266 0.084375 0.074219
