0 0.7625 0.464844 0.021875 0.078125
0 0.784375 0.463867 0.021875 0.083984
0 0.804688 0.467773 0.025 0.072266
0 0.817187 0.475586 0.021875 0.099609
0 0.859375 0.46875 0.021875 0.121094
0 0.667188 0.458008 0.021875 0.033203
0 0.196875 0.445312 0.028125 0.03125
0 0.221875 0.456055 0.03125 0.052734
0 0.142969 0.454102 0.023438 0.029297
0 0.251563 0.469727 0.021875 0.056641
0 0.2760135 0.477125 0.01505983 0.05206949
0 0.5754678 0.4558461 0.0143105 0.03772941
1 0.2525758 0.4908661 0.007583833 0.0232946
1 0.2756322 0.4949152 0.007202744 0.0275819
2 0.15625 0.52832 0.209375 0.138672
2 0.3375 0.485352 0.05625 0.056641
2 0.45625 0.480469 0.11875 0.136719
2 0.3724231 0.4719306 0.03966091 0.04832944
