0 0.9539059 0.486328 0.045312 0.113281
0 0.9101561 0.481445 0.032813 0.087891
0 0.877344 0.472656 0.042188 0.101562
0 0.6355045 0.472843 0.012609 0.03892624
0 0.2164274 0.4674421 0.008150339 0.03816512
0 0.1317568 0.4529256 0.009417224 0.02707982
0 0.2330584 0.4695487 0.01026182 0.03605366
2 0.073438 0.49707 0.13125 0.138672
2 0.31875 0.477539 0.078125 0.072266
2 0.369531 0.480469 0.045312 0.054688
2 0.471094 0.510742 0.129688 0.126953
2 0.3993253 0.4745391 0.03004262 0.05264559
2 0.4230863 0.4675505 0.0194602 0.03568891
