bicycle 619 281 640 358
person 611 210 640 282
person 329 230 335 237
person 325 228 334 239
person 317 230 325 238
bicycle 302 254 307 266
person 301 245 306 264
bicycle 255 240 258 247
bicycle 264 242 268 248
person 253 230 258 247
person 261 234 269 247
person 287 242 296 253
car 226 216 238 234
car 236 224 252 243
car 214 221 228 237
car 170 235 187 258
car 154 245 178 269
car 128 239 148 265
car 42 245 113 294
car 198 241 236 281
car 222 243 241 264
car 247 247 305 296
person 251 223 257 235
person 469 221 481 235
person 447 221 463 238
