0 0.939844 0.491211 0.114062 0.384766
0 0.659375 0.486328 0.04375 0.164062
0 0.092969 0.46582 0.029687 0.072266
0 0.039844 0.452148 0.023438 0.037109
0 0.060937 0.458008 0.021875 0.033203
0 0.1898761 0.4524805 0.01347288 0.02679098
0 0.2143455 0.4537703 0.01111438 0.02642247
0 0.2249587 0.4545073 0.01170399 0.03231868
1 0.926562 0.644531 0.115625 0.222656
1 0.660156 0.532227 0.035937 0.091797
2 0.657813 0.476562 0.11875 0.105469
2 0.454688 0.490234 0.121875 0.136719
2 0.385937 0.456055 0.0375 0.044922
2 0.5236412 0.4669738 0.03006859 0.03282204
2 0.4649522 0.4205275 0.06131859 0.02091274
