0 0.815625 0.509766 0.071875 0.191406
0 0.749219 0.5 0.060937 0.207031
0 0.685937 0.5 0.0625 0.203125
0 0.626563 0.478516 0.040625 0.097656
0 0.584375 0.476562 0.03125 0.089844
0 0.544531 0.477539 0.026562 0.099609
0 0.525 0.479492 0.03125 0.103516
0 0.659375 0.484375 0.025 0.089844
0 0.777344 0.445312 0.029687 0.058594
2 0.247656 0.492188 0.126562 0.121094
2 0.321094 0.474609 0.042188 0.066406
2 0.355469 0.481445 0.045312 0.052734
2 0.419531 0.483398 0.035937 0.037109
2 0.3916556 0.4828239 0.02171557 0.03631216
