0 0.507031 0.469727 0.029687 0.076172
0 0.327344 0.464844 0.035937 0.085938
0 0.114844 0.460938 0.026562 0.078125
0 0.577344 0.470703 0.035937 0.082031
0 0.471875 0.470703 0.0375 0.078125
0 0.5230584 0.4565441 0.01215701 0.0418731
0 0.5493541 0.4579732 0.01825457 0.04854229
0 0.4335005 0.4546386 0.01596799 0.05140051
0 0.2897544 0.4361268 0.009825205 0.01757813
0 0.3076304 0.4650927 0.0122087 0.08345473
0 0.3157078 0.4559891 0.01035488 0.05531648
2 0.783594 0.521484 0.257812 0.183594
2 0.6375 0.456055 0.0625 0.056641
2 0.291406 0.473633 0.029687 0.072266
2 0.230469 0.486328 0.117188 0.117188
2 0.4495066 0.4522567 0.01368141 0.02472368
2 0.4826621 0.4532095 0.02435217 0.03806213
2 0.3869486 0.4489151 0.01304348 0.01630434
2 0.4007054 0.4516749 0.01066577 0.01163384
