0 0.9601561 0.507812 0.057813 0.230469
0 0.9023439 0.493164 0.035937 0.150391
0 0.869531 0.490234 0.042188 0.167969
0 0.741406 0.498047 0.042188 0.136719
0 0.630469 0.453125 0.023438 0.039062
0 0.7125 0.47168 0.021875 0.099609
0 0.4784385 0.4713375 0.0151042 0.02191842
0 0.5548274 0.4682993 0.01302085 0.04709202
0 0.5662857 0.4728566 0.009548617 0.04578993
0 0.9314516 0.4852688 0.02767143 0.1580771
0 0.7625971 0.4859891 0.01661348 0.1299825
0 0.7849186 0.4955554 0.03319516 0.1499123
1 0.4789594 0.4817542 0.005034733 0.01063368
1 0.0171371 0.5027512 0.03271169 0.0345892
2 0.169531 0.492188 0.101562 0.097656
2 0.253125 0.489258 0.06875 0.072266
2 0.346094 0.481445 0.032813 0.041016
2 0.416406 0.473633 0.029687 0.037109
2 0.282813 0.484375 0.03125 0.054688
2 0.370312 0.476562 0.025 0.03125
2 0.385193 0.4740603 0.008171106 0.02718365
2 0.3953108 0.4714988 0.01098874 0.01565701
