0 0.675781 0.472656 0.023438 0.066406
0 0.594531 0.472656 0.023438 0.078125
0 0.170313 0.480469 0.025 0.078125
0 0.6620046 0.4711723 0.01710072 0.07237414
0 0.2643195 0.455431 0.0112216 0.02468038
0 0.2479843 0.466262 0.009801149 0.03710938
2 0.304688 0.473633 0.05 0.037109
2 0.342969 0.470703 0.029687 0.03125
2 0.370312 0.464844 0.028125 0.03125
2 0.501563 0.473633 0.04375 0.041016
2 0.4495981 0.4632866 0.01996532 0.02061632
2 0.4372732 0.4623595 0.008236265 0.01095736
2 0.4233696 0.4603733 0.01009007 0.01228151
2 0.4131736 0.4615319 0.009295559 0.01327464
