0 0.265625 0.469727 0.028125 0.060547
0 0.4859732 0.4505594 0.008014107 0.03143901
0 0.4926516 0.4428414 0.005745983 0.01789314
0 0.5125647 0.4556623 0.009676551 0.03710938
0 0.5269562 0.4623441 0.009402419 0.0360814
2 0.199219 0.482422 0.079687 0.070312
2 0.364844 0.439453 0.029687 0.035156
2 0.460938 0.449219 0.028125 0.03125
2 0.825781 0.496094 0.345313 0.347656
2 0.955469 0.683594 0.079687 0.234375
2 0.5783371 0.4483543 0.06169353 0.03458923
2 0.3507665 0.4524496 0.021875 0.02198839
2 0.4193644 0.4364117 0.0140625 0.01793984
2 0.3878251 0.4385818 0.01001155 0.0150463
