0 0.8679689 0.475586 0.035937 0.146484
0 0.901563 0.464844 0.0375 0.140625
0 0.701562 0.462891 0.034375 0.117188
0 0.751563 0.473633 0.028125 0.119141
0 0.772656 0.469727 0.026562 0.126953
0 0.399219 0.474609 0.054688 0.121094
0 0.317969 0.478516 0.045312 0.128906
0 0.335156 0.484375 0.032813 0.121094
0 0.79375 0.476562 0.03125 0.136719
0 0.4914249 0.4598699 0.01186953 0.0251165
0 0.01157035 0.4977099 0.02157821 0.08742714
0 0.01810893 0.4541784 0.01009004 0.04008871
0 0.03148287 0.4480542 0.00929555 0.01989537
0 0.04167884 0.4475576 0.01273835 0.01890227
0 0.4356384 0.4624584 0.01461072 0.03402552
1 0.01875 0.491211 0.028125 0.033203
1 0.4911508 0.4715201 0.004742336 0.01483691
2 0.263281 0.475586 0.070312 0.076172
2 0.189062 0.483398 0.096875 0.095703
2 0.416406 0.463867 0.026562 0.037109
2 0.373437 0.463867 0.03125 0.029297
