0 0.5375 0.462891 0.034375 0.066406
0 0.1868785 0.4641835 0.01587936 0.05936593
0 0.265912 0.4473776 0.01188228 0.03483829
0 0.464617 0.4535668 0.01174769 0.04144967
0 0.4808207 0.4546519 0.01232638 0.04000288
0 0.4999179 0.4638749 0.02216434 0.05844906
0 0.5818045 0.4519392 0.01521988 0.03819445
0 0.2793432 0.4320011 0.01375611 0.0221737
1 0.7857143 0.4942786 0.06651787 0.09291294
2 0.935937 0.56543 0.125 0.251953
2 0.634375 0.486328 0.128125 0.101562
2 0.303125 0.478516 0.09375 0.089844
2 0.030469 0.500977 0.060937 0.126953
2 0.4407402 0.4503326 0.01045675 0.0149489
2 0.4529096 0.4497691 0.01256008 0.02133414
2 0.4721405 0.4503326 0.01256008 0.02396333
2 0.3929637 0.4505203 0.0122596 0.01307091
2 0.4051332 0.4510837 0.008353377 0.01119292
