0 0.771094 0.466797 0.029687 0.160156
0 0.79375 0.453125 0.03125 0.183594
0 0.822656 0.456055 0.032813 0.166016
0 0.614844 0.455078 0.026562 0.085938
0 0.592969 0.456055 0.026562 0.103516
0 0.7464978 0.4421797 0.0151401 0.06068155
0 0.8545259 0.4543025 0.02537708 0.1643992
0 0.8469828 0.4017702 0.01460133 0.0350889
0 0.9396551 0.4546393 0.04800653 0.1812365
0 0.3583015 0.4620148 0.01911764 0.05147058
0 0.02582116 0.4577048 0.02080966 0.05042613
0 0.05458537 0.4608121 0.01086648 0.06285512
0 0.06381832 0.465029 0.01228693 0.06773794
0 0.07411661 0.4670265 0.01228693 0.07262072
0 0.08761094 0.4643632 0.01015625 0.07084519
0 0.1009277 0.4641412 0.01690341 0.0695135
0 0.11602 0.4423905 0.0115767 0.03222656
0 0.1923695 0.4561512 0.01228694 0.03577769
0 0.2119007 0.4550415 0.01015625 0.04243609
0 0.9885416 0.4178438 0.0213542 0.05729166
0 0.9493303 0.3888295 0.02209825 0.04436383
0 0.1479911 0.4493763 0.01495535 0.03710938
0 0.04328547 0.4630941 0.01321791 0.05294552
2 0.510156 0.478516 0.060937 0.089844
2 0.421875 0.474609 0.140625 0.160156
2 0.265625 0.475586 0.06875 0.064453
2 0.296875 0.464844 0.053125 0.054688
2 0.5223214 0.4393317 0.04308038 0.03934151
