0 0.5875 0.473633 0.04375 0.126953
0 0.53125 0.464844 0.025 0.070312
0 0.190625 0.467773 0.021875 0.044922
0 0.160445 0.4666964 0.01360294 0.03653494
0 0.1268972 0.4641114 0.01268382 0.03940716
0 0.2515525 0.4603615 0.009288192 0.02029079
0 0.2733764 0.4573151 0.01015625 0.01595053
1 0.588281 0.530273 0.045312 0.076172
1 0.671875 0.514648 0.0375 0.044922
1 0.531702 0.5082486 0.01875 0.05195311
1 0.7057645 0.5203579 0.021875 0.0488281
2 0.433594 0.46875 0.051562 0.070312
2 0.3875 0.494141 0.115625 0.113281
2 0.479687 0.470703 0.025 0.027344
2 0.5115458 0.4719204 0.02218752 0.05039063
