0 0.2625 0.481445 0.03125 0.126953
0 0.2375 0.476562 0.034375 0.132812
0 0.439063 0.481445 0.04375 0.130859
0 0.530469 0.489258 0.048438 0.115234
0 0.732031 0.466797 0.023438 0.097656
0 0.760938 0.466797 0.028125 0.105469
0 0.785937 0.481445 0.028125 0.126953
0 0.864844 0.474609 0.035937 0.136719
0 0.903125 0.466797 0.04375 0.140625
0 0.7087053 0.4673394 0.01781249 0.09453127
0 0.5635491 0.4681206 0.009375 0.04843751
0 0.5532366 0.4665582 0.01062503 0.05000001
0 0.01933106 0.4567219 0.01246811 0.03790659
0 0.03655045 0.4509423 0.008641583 0.02156407
0 0.04340632 0.4511416 0.006409439 0.02435428
0 0.05456704 0.4495472 0.01278699 0.02754304
0 0.1666133 0.4834811 0.04774306 0.1213108
0 0.4867406 0.4614469 0.01348376 0.02119502
0 0.6609694 0.4381286 0.01544113 0.03825825
1 0.021094 0.492188 0.026562 0.03125
1 0.4858725 0.4764571 0.005960655 0.01576966
2 0.203125 0.481445 0.065625 0.087891
2 0.151562 0.486328 0.025 0.039062
2 0.28125 0.476562 0.04375 0.070312
2 0.307031 0.474609 0.035937 0.050781
2 0.410156 0.46875 0.035937 0.039062
2 0.374219 0.46875 0.029687 0.03125
