0 0.528125 0.459961 0.025 0.064453
0 0.215625 0.455078 0.025 0.074219
0 0.188281 0.455078 0.023438 0.074219
0 0.3614307 0.437259 0.00828805 0.02606997
0 0.3731495 0.4463877 0.007948351 0.03243884
0 0.5736718 0.4622011 0.01370735 0.04998225
1 0.504687 0.47168 0.028125 0.044922
1 0.541406 0.46875 0.023438 0.050781
1 0.450781 0.470703 0.026562 0.046875
2 0.880469 0.469727 0.082812 0.064453
2 0.748437 0.469727 0.103125 0.072266
2 0.669531 0.480469 0.035937 0.039062
2 0.9132811 0.571289 0.170313 0.287109
