0 0.979688 0.469727 0.034375 0.150391
0 0.114844 0.482422 0.045312 0.117188
0 0.029687 0.479492 0.05 0.138672
0 0.792969 0.459961 0.023438 0.072266
0 0.175 0.476562 0.034375 0.082031
0 0.08395408 0.4842564 0.01725852 0.09126419
0 0.2210279 0.4840344 0.01725852 0.07306466
0 0.5881941 0.4566818 0.01906252 0.05546877
0 0.6466316 0.4475021 0.01531253 0.03476563
0 0.8076563 0.4668381 0.009999943 0.08671871
0 0.8167187 0.4576584 0.01374998 0.06523439
0 0.728125 0.454924 0.0140625 0.03164062
0 0.8317522 0.4603872 0.01573658 0.06431362
1 0.113281 0.515625 0.032813 0.074219
1 0.032031 0.539062 0.051562 0.097656
1 0.1780713 0.5080155 0.01939787 0.05187693
1 0.2215164 0.5042045 0.01025152 0.03186926
2 0.278906 0.493164 0.095312 0.095703
2 0.341406 0.475586 0.045312 0.056641
2 0.45 0.480469 0.121875 0.144531
2 0.3692879 0.4742599 0.02625 0.03984377
