0 0.082031 0.459961 0.054688 0.189453
0 0.5744085 0.4614593 0.01183038 0.0361793
0 0.3279718 0.4342631 0.008547783 0.0122166
0 0.5292134 0.4548229 0.006850958 0.02859575
1 0.114062 0.485352 0.0375 0.076172
2 0.236719 0.478516 0.110937 0.101562
2 0.3 0.466797 0.05 0.074219
2 0.330469 0.46582 0.032813 0.064453
2 0.378906 0.451172 0.026562 0.03125
2 0.495312 0.456055 0.025 0.029297
2 0.616406 0.475586 0.067187 0.056641
2 0.739062 0.492188 0.128125 0.09375
2 0.4797988 0.4550329 0.01216855 0.02231297
2 0.4650024 0.4516298 0.01666665 0.01905775
2 0.448312 0.4483746 0.0140625 0.01313919
2 0.4248745 0.4479307 0.01785035 0.01225141
