0 0.951562 0.490234 0.046875 0.128906
0 0.898438 0.496094 0.0375 0.121094
0 0.857812 0.46582 0.028125 0.107422
0 0.051562 0.47168 0.021875 0.060547
0 0.069531 0.464844 0.026562 0.058594
0 0.150781 0.472656 0.023438 0.046875
0 0.020313 0.46875 0.021875 0.074219
0 0.8831326 0.4620236 0.02070313 0.09619138
0 0.164952 0.4754855 0.01314338 0.05281097
0 0.2073846 0.4729962 0.01161153 0.04170495
0 0.5071657 0.4689769 0.01515899 0.03950793
0 0.4912666 0.4665783 0.01296601 0.02648711
0 0.5290278 0.4729784 0.01208191 0.05361465
1 0.493607 0.4850988 0.01056437 0.02515742
2 0.380469 0.475586 0.029687 0.037109
2 0.410938 0.47168 0.025 0.033203
2 0.446875 0.478516 0.046875 0.058594
2 0.477982 0.4724181 0.01989274 0.03069612
