0 0.1036931 0.4644537 0.01199883 0.06179982
0 0.1157804 0.4557936 0.01022995 0.06585348
0 0.1359749 0.4412373 0.01347288 0.02863356
0 0.1666353 0.4552408 0.0170106 0.06401092
0 0.1859455 0.4440012 0.0114092 0.02605397
0 0.4194826 0.4566593 0.01133432 0.03927952
0 0.3996413 0.4602245 0.01480653 0.03772944
0 0.2052803 0.4515015 0.01353284 0.03280589
0 0.5199641 0.4550825 0.01232638 0.04578993
0 0.5437737 0.4594228 0.01133432 0.05881077
0 0.5533223 0.4639181 0.01207838 0.05974084
0 0.565103 0.4622129 0.01282244 0.06563121
0 0.5793869 0.4628123 0.01169505 0.06670219
0 0.3197344 0.4533477 0.01117787 0.02929688
2 0.364063 0.463867 0.034375 0.037109
2 0.382812 0.459961 0.028125 0.033203
2 0.45 0.464844 0.059375 0.0625
2 0.486719 0.466797 0.035937 0.035156
2 0.502959 0.4447103 0.01927085 0.02458936
