0 0.596875 0.476562 0.0375 0.105469
0 0.697656 0.481445 0.064062 0.216797
0 0.059375 0.46875 0.034375 0.09375
0 0.1529092 0.4642633 0.011875 0.05507812
0 0.1868155 0.4525446 0.01031251 0.03085938
0 0.1975967 0.4574274 0.009374988 0.02656251
0 0.2338467 0.4505914 0.010625 0.02226561
0 0.2513467 0.4544977 0.00999999 0.02226561
1 0.698438 0.553711 0.028125 0.126953
1 0.599219 0.509766 0.023438 0.066406
2 0.420312 0.492188 0.1 0.113281
2 0.452344 0.459961 0.064062 0.083984
2 0.567969 0.47168 0.048438 0.068359
2 0.501563 0.464844 0.03125 0.03125
