0 0.246875 0.477539 0.04375 0.107422
0 0.332813 0.49707 0.071875 0.123047
0 0.5 0.478516 0.071875 0.148438
0 0.027344 0.459961 0.026562 0.060547
0 0.057813 0.460938 0.025 0.058594
0 0.1823938 0.4442679 0.01007966 0.03174785
0 0.6569459 0.4487334 0.01161151 0.03136489
0 0.6744092 0.4462441 0.006709576 0.04017308
0 0.6834471 0.4493078 0.009466934 0.03710938
0 0.1584239 0.4401961 0.01104715 0.03128427
0 0.628023 0.4458778 0.01077299 0.03334019
0 0.2021899 0.4342405 0.0132179 0.02971917
1 0.2539646 0.5084506 0.1103778 0.07383975
2 0.538281 0.472656 0.057813 0.082031
2 0.564844 0.455078 0.029687 0.039062
2 0.443251 0.4454782 0.01743259 0.02945006
