0 0.670312 0.46582 0.03125 0.123047
0 0.652344 0.470703 0.023438 0.117188
0 0.797656 0.463867 0.042188 0.154297
0 0.873437 0.427734 0.04375 0.105469
0 0.732812 0.430664 0.034375 0.052734
0 0.6201959 0.4518584 0.01155138 0.046875
0 0.9369639 0.4164968 0.02922802 0.08880976
0 0.9702818 0.4047207 0.03795958 0.07674631
0 0.5583808 0.4530825 0.009830713 0.02897134
0 0.5722154 0.4427065 0.009505177 0.02286783
2 0.042969 0.496094 0.085938 0.144531
2 0.130469 0.508789 0.185938 0.146484
2 0.373437 0.458984 0.028125 0.035156
2 0.436719 0.463867 0.026562 0.037109
2 0.503125 0.46582 0.059375 0.060547
2 0.4139441 0.4599748 0.02067309 0.02471456
2 0.3312798 0.459332 0.02588682 0.02866343
