0 0.825 0.4375 0.034375 0.105469
0 0.78125 0.454102 0.03125 0.138672
0 0.725 0.458008 0.03125 0.107422
0 0.696094 0.445312 0.029687 0.089844
0 0.971875 0.450195 0.053125 0.193359
0 0.5456578 0.4634178 0.01175718 0.05215803
0 0.5331066 0.4434063 0.008171082 0.01981941
0 0.5252941 0.4435664 0.006378078 0.02077997
0 0.5578249 0.4618168 0.0140625 0.05728099
0 0.568583 0.4477288 0.01355023 0.04383326
0 0.6122562 0.456854 0.01022029 0.05055711
0 0.4517798 0.4554132 0.01098876 0.02270105
0 0.9114205 0.4117243 0.0296875 0.07829484
0 0.8905306 0.411512 0.0245924 0.06173572
0 0.09114645 0.4479635 0.01183036 0.02176338
0 0.1058414 0.4574966 0.009226191 0.04454982
0 0.6663852 0.4441988 0.01152873 0.03658152
1 0.4517798 0.4670999 0.005353498 0.01469648
2 0.3875 0.461914 0.028125 0.037109
2 0.351562 0.464844 0.021875 0.03125
2 0.328125 0.464844 0.028125 0.039062
2 0.367388 0.4605551 0.0143105 0.0247086
