0 0.021875 0.484375 0.040625 0.121094
0 0.058594 0.489258 0.042188 0.115234
0 0.210938 0.484375 0.03125 0.125
0 0.228906 0.482422 0.029687 0.121094
0 0.708594 0.461914 0.023438 0.103516
0 0.682031 0.47168 0.045312 0.115234
0 0.814844 0.470703 0.035937 0.125
0 0.869531 0.473633 0.032813 0.134766
0 0.897656 0.467773 0.029687 0.138672
0 0.773438 0.484375 0.03125 0.132812
0 0.757812 0.475586 0.021875 0.119141
0 0.490619 0.4688705 0.0140625 0.03109974
0 0.3770922 0.4698448 0.01151891 0.03165877
0 0.726648 0.4446051 0.01163192 0.03233507
1 0.4906191 0.4756313 0.006850958 0.01657653
2 0.173437 0.484375 0.0625 0.078125
2 0.25625 0.479492 0.059375 0.068359
2 0.294531 0.475586 0.032813 0.056641
2 0.4125 0.466797 0.0375 0.042969
2 0.3749119 0.4689363 0.03186774 0.02984193
