0 0.88125 0.515625 0.11875 0.292969
0 0.809375 0.439453 0.021875 0.074219
0 0.7618002 0.45618 0.01107049 0.07450962
0 0.7707762 0.4511933 0.009075833 0.07118517
0 0.7925515 0.4503622 0.02337098 0.0661985
0 0.4726551 0.4534484 0.01459217 0.02916443
1 0.4726656 0.4717618 0.007914925 0.0217405
1 0.8889509 0.5992342 0.2205357 0.1821987
2 0.653906 0.489258 0.217188 0.216797
2 0.425781 0.46582 0.045312 0.041016
2 0.392188 0.456055 0.028125 0.033203
2 0.341406 0.459961 0.032813 0.037109
2 0.3705296 0.4585505 0.01586537 0.01081729
