0 0.8273439 0.463867 0.045312 0.126953
0 0.79375 0.47168 0.034375 0.115234
0 0.74375 0.469727 0.028125 0.119141
0 0.689063 0.460938 0.028125 0.097656
0 0.4869054 0.4568617 0.01705451 0.02630487
0 0.5934547 0.451875 0.01073804 0.05206949
0 0.1176758 0.4617705 0.01113281 0.04361981
0 0.1075846 0.4640085 0.01113281 0.04239908
0 0.0875651 0.4479359 0.008854168 0.02490234
0 0.6293112 0.4686376 0.01778274 0.1059338
0 0.6386118 0.482356 0.03043156 0.1017485
0 0.657213 0.4809609 0.02001486 0.0970982
0 0.6534927 0.4337604 0.0140625 0.02408853
0 0.7025999 0.4367831 0.01183038 0.03664437
1 0.045312 0.487305 0.028125 0.033203
1 0.4879027 0.4732763 0.004421568 0.0217337
2 0.221094 0.478516 0.082812 0.082031
2 0.296094 0.473633 0.060937 0.056641
2 0.34375 0.467773 0.034375 0.041016
2 0.375 0.463867 0.034375 0.033203
2 0.409375 0.463867 0.034375 0.037109
