0 0.691406 0.472656 0.048438 0.140625
0 0.775781 0.508789 0.064062 0.212891
0 0.84375 0.472656 0.034375 0.136719
0 0.876563 0.484375 0.0375 0.15625
0 0.957031 0.486328 0.051562 0.164062
0 0.539062 0.474609 0.021875 0.058594
0 0.7219083 0.4450684 0.01073804 0.02630487
0 0.6412899 0.4641841 0.01373005 0.05373171
0 0.5247673 0.4758197 0.008743334 0.05705616
0 0.5730912 0.4702267 0.009598208 0.03950098
1 0.779687 0.568359 0.04375 0.128906
1 0.692969 0.527344 0.054688 0.09375
2 0.3625 0.516602 0.171875 0.177734
2 0.144531 0.486328 0.170313 0.152344
2 0.270313 0.482422 0.0375 0.042969
2 0.919531 0.466797 0.042188 0.074219
2 0.8141882 0.4853776 0.03400927 0.05954951
2 0.2387287 0.4810541 0.03026619 0.03927949
2 0.2524729 0.4692991 0.01956019 0.01938659
2 0.03805444 0.4960232 0.03825605 0.04719001
