0 0.227344 0.498047 0.060937 0.140625
0 0.717187 0.505859 0.03125 0.066406
0 0.971094 0.475586 0.048438 0.177734
0 0.90625 0.506836 0.096875 0.310547
0 0.670312 0.47168 0.05 0.134766
0 0.603125 0.475586 0.021875 0.060547
0 0.5875 0.47168 0.021875 0.060547
0 0.5665115 0.476262 0.01352372 0.06270203
0 0.5446904 0.474915 0.01190734 0.05529368
0 0.5327023 0.4765987 0.01325431 0.05125269
0 0.696226 0.5003393 0.01648707 0.06438577
2 0.464844 0.481445 0.042188 0.044922
2 0.414062 0.483398 0.034375 0.037109
2 0.4353701 0.479944 0.01348381 0.01685476
