0 0.092969 0.470703 0.023438 0.074219
0 0.077344 0.470703 0.026562 0.078125
0 0.18125 0.505859 0.0875 0.199219
0 0.476562 0.466797 0.028125 0.078125
0 0.420312 0.469727 0.034375 0.072266
0 0.357031 0.46875 0.029687 0.078125
0 0.313281 0.46875 0.026562 0.089844
0 0.3320648 0.4683823 0.01493056 0.08015046
2 0.244531 0.470703 0.054688 0.058594
2 0.503906 0.462891 0.045312 0.050781
2 0.620313 0.455078 0.134375 0.121094
2 0.770312 0.447266 0.115625 0.109375
2 0.4399724 0.456007 0.01753473 0.01912823
