0 0.85625 0.46582 0.03125 0.119141
0 0.884375 0.464844 0.028125 0.125
0 0.8007811 0.477539 0.032813 0.134766
0 0.570312 0.458984 0.025 0.050781
0 0.8273439 0.480469 0.035937 0.109375
0 0.114331 0.4564523 0.01269189 0.02031934
0 0.1324231 0.4588509 0.01324013 0.02580181
0 0.150104 0.4588509 0.01351424 0.0244312
0 0.6880075 0.4472138 0.01064453 0.02246094
0 0.546713 0.4615958 0.00833335 0.02734375
2 0.273438 0.482422 0.084375 0.097656
2 0.427344 0.469727 0.048438 0.056641
2 0.367188 0.47168 0.028125 0.033203
2 0.402344 0.466797 0.026562 0.050781
2 0.3865857 0.4688296 0.01724536 0.02806714
