0 0.295312 0.467773 0.028125 0.087891
0 0.550781 0.459961 0.026562 0.072266
0 0.653125 0.446289 0.021875 0.076172
0 0.671094 0.448242 0.023438 0.068359
0 0.201563 0.466797 0.021875 0.054688
0 0.08938419 0.4694999 0.01819853 0.07559744
0 0.1079963 0.4623193 0.01681985 0.04515165
0 0.1840533 0.4600215 0.01452206 0.04974723
0 0.2764246 0.4623193 0.01084559 0.0359605
0 0.5337776 0.4637554 0.01727943 0.06985295
0 0.7141544 0.4499687 0.02601104 0.06870404
0 0.8102022 0.4505431 0.02417278 0.07100186
0 0.8471967 0.4384797 0.01636028 0.05147061
0 0.7725184 0.4252674 0.02141542 0.02964154
2 0.501563 0.460938 0.05 0.042969
2 0.245312 0.46875 0.065625 0.054688
2 0.4377298 0.454277 0.01911764 0.01528031
2 0.4784007 0.4522665 0.01222424 0.01815256
