0 0.635156 0.453125 0.029687 0.148438
0 0.804688 0.462891 0.05625 0.160156
0 0.852344 0.410156 0.042188 0.160156
0 0.714844 0.451172 0.032813 0.160156
0 0.565625 0.444336 0.021875 0.052734
0 0.601562 0.430664 0.021875 0.029297
0 0.04558477 0.4587283 0.01289062 0.05517578
0 0.06101445 0.4570193 0.01484375 0.05859375
0 0.3246863 0.4575076 0.01171875 0.03515625
0 0.6756629 0.4296755 0.02304688 0.1054688
0 0.7408973 0.4511599 0.02695313 0.140625
1 0.3240234 0.4709353 0.006640625 0.01513672
2 0.460938 0.458984 0.03125 0.027344
2 0.358594 0.458008 0.032813 0.037109
2 0.3758582 0.456531 0.01328125 0.02636719
