0 0.547656 0.474609 0.051562 0.121094
0 0.707031 0.448242 0.026562 0.083984
0 0.760156 0.472656 0.029687 0.109375
0 0.794531 0.477539 0.029687 0.126953
0 0.867188 0.472656 0.034375 0.136719
0 0.9 0.459961 0.034375 0.134766
0 0.196875 0.485352 0.040625 0.126953
0 0.16875 0.477539 0.0375 0.126953
0 0.065625 0.480469 0.04375 0.113281
0 0.014844 0.455078 0.023438 0.054688
0 0.46875 0.463867 0.021875 0.037109
0 0.4919066 0.463124 0.01376767 0.03121313
0 0.7595424 0.4177211 0.01953125 0.02929688
1 0.021875 0.490234 0.025 0.035156
1 0.4919066 0.4721526 0.006692219 0.01389298
2 0.21875 0.477539 0.0375 0.076172
2 0.257812 0.478516 0.053125 0.070312
2 0.292969 0.47168 0.026562 0.052734
2 0.4125 0.46582 0.034375 0.041016
2 0.373437 0.466797 0.034375 0.027344
2 0.4381035 0.4629397 0.0317512 0.01684108
