0 0.739844 0.470703 0.054688 0.203125
0 0.130469 0.474609 0.026562 0.066406
0 0.05625 0.470703 0.021875 0.070312
0 0.039062 0.470703 0.025 0.070312
0 0.015625 0.476562 0.025 0.070312
0 0.104688 0.473633 0.021875 0.072266
0 0.06884766 0.4721384 0.01455078 0.06945804
0 0.08093262 0.4783945 0.01381836 0.07159427
0 0.09228516 0.4684763 0.01308594 0.0737305
0 0.1757687 0.4752013 0.0140625 0.04321289
2 0.504687 0.459961 0.04375 0.044922
2 0.239844 0.467773 0.060937 0.052734
2 0.4384526 0.4536247 0.0151042 0.01445311
2 0.4753276 0.4525831 0.01760416 0.01445314
