0 0.8742189 0.460938 0.035937 0.140625
0 0.8398439 0.46875 0.026562 0.117188
0 0.771094 0.472656 0.035937 0.128906
0 0.629687 0.477539 0.0375 0.107422
0 0.601562 0.47168 0.040625 0.119141
0 0.659874 0.4346596 0.0140625 0.03620097
0 0.6914873 0.4494216 0.01188226 0.06663337
0 0.7018434 0.4535096 0.01224566 0.08934411
0 0.7185586 0.4360223 0.0151526 0.03438407
0 0.4893332 0.4512179 0.011169 0.01685476
0 0.03042763 0.443451 0.006112939 0.02271792
0 0.08785637 0.444479 0.009676534 0.01792076
0 0.1018366 0.4609264 0.01241776 0.05835387
1 0.022656 0.476562 0.045312 0.046875
1 0.4891886 0.4691215 0.006828689 0.01649305
2 0.201563 0.476562 0.096875 0.085938
2 0.279687 0.469727 0.071875 0.068359
2 0.334375 0.462891 0.04375 0.042969
2 0.372656 0.459961 0.035937 0.029297
2 0.410938 0.461914 0.034375 0.033203
