0 0.283594 0.467773 0.023438 0.068359
0 0.304688 0.46582 0.021875 0.076172
0 0.39375 0.454102 0.03125 0.052734
0 0.396094 0.492188 0.029687 0.09375
0 0.438281 0.480469 0.026562 0.105469
0 0.466406 0.483398 0.026562 0.103516
0 0.510156 0.480469 0.032813 0.097656
0 0.754687 0.490234 0.04375 0.167969
0 0.7875 0.480469 0.034375 0.191406
0 0.63125 0.475586 0.05 0.103516
0 0.354687 0.476562 0.03125 0.089844
0 0.9619654 0.5149336 0.053125 0.06846216
0 0.3355263 0.4684184 0.01817434 0.07719982
0 0.2448602 0.4560829 0.01776314 0.0412212
2 0.142969 0.597656 0.279687 0.34375
2 0.6553985 0.4735582 0.1550987 0.06897616
2 0.8497122 0.4871787 0.1230263 0.1013569
2 0.5923108 0.4632786 0.04407892 0.04430509
2 0.4876645 0.4632787 0.1612665 0.08336762
