0 0.628125 0.46582 0.021875 0.083984
0 0.674219 0.428711 0.032813 0.044922
0 0.779687 0.446289 0.028125 0.095703
0 0.6999694 0.4266398 0.01468749 0.04374999
0 0.7440319 0.4489054 0.02468748 0.1070313
0 0.7505944 0.402421 0.01343751 0.02890626
0 0.6106618 0.4464812 0.01559434 0.06966147
0 0.6451287 0.4545235 0.01344976 0.05357692
0 0.5164655 0.4586239 0.01109915 0.05057919
0 0.5268372 0.4566034 0.00975213 0.0586611
0 0.5407111 0.4572769 0.01002154 0.04855871
0 0.503265 0.4436387 0.01056037 0.01858836
0 0.433626 0.4560983 0.008674574 0.02330282
0 0.1063388 0.4613712 0.0109375 0.048473
0 0.1178445 0.4462789 0.007244325 0.01686791
0 0.1292081 0.4563997 0.01065341 0.04137072
0 0.7246739 0.4532013 0.01517859 0.08826265
1 0.4334572 0.4662685 0.007532644 0.01291397
2 0.371875 0.461914 0.03125 0.033203
2 0.326562 0.459961 0.025 0.029297
2 0.347403 0.4610213 0.01965949 0.02399138
