0 0.9804689 0.50293 0.035937 0.201172
0 0.807813 0.495117 0.075 0.107422
0 0.744531 0.499023 0.051562 0.099609
0 0.685937 0.512695 0.059375 0.146484
0 0.642188 0.494141 0.05625 0.101562
0 0.594531 0.511719 0.054688 0.140625
0 0.529687 0.461914 0.025 0.064453
0 0.510938 0.46582 0.021875 0.064453
0 0.440625 0.463867 0.025 0.064453
0 0.353125 0.462891 0.021875 0.074219
0 0.260937 0.464844 0.021875 0.078125
0 0.074219 0.469727 0.035937 0.068359
0 0.8625 0.458008 0.03125 0.064453
0 0.886719 0.458008 0.032813 0.072266
0 0.9027457 0.4612188 0.02287655 0.09169671
0 0.5583739 0.4478382 0.0115767 0.02024147
0 0.3711699 0.4772047 0.01130514 0.05932137
0 0.3821993 0.4762473 0.01253064 0.05357689
0 0.3324138 0.4708858 0.01590073 0.06736368
0 0.1102941 0.440823 0.02478554 0.0478324
