0 0.877344 0.46582 0.035937 0.103516
0 0.8375 0.475586 0.021875 0.083984
0 0.8117189 0.477539 0.026562 0.091797
0 0.775781 0.461914 0.032813 0.087891
0 0.921875 0.4765959 0.0375 0.08485243
0 0.9663628 0.4749683 0.01883679 0.07834199
0 0.5879027 0.4660298 0.008248568 0.02984193
0 0.6000757 0.4678467 0.01079216 0.03892624
2 0.139844 0.50293 0.229687 0.181641
2 0.26875 0.490234 0.071875 0.097656
2 0.352344 0.474609 0.051562 0.054688
2 0.3875 0.476562 0.028125 0.039062
2 0.4625 0.512695 0.128125 0.146484
2 0.3041071 0.48175 0.03446181 0.07237414
