0 0.671094 0.462891 0.042188 0.132812
0 0.8375 0.441406 0.025 0.074219
0 0.986719 0.438477 0.023438 0.103516
0 0.009114584 0.4724473 0.01666667 0.07562935
0 0.02278646 0.4523735 0.01102431 0.03656685
0 0.03645833 0.4736721 0.01521991 0.07834202
0 0.1948902 0.4468145 0.01068412 0.01335514
0 0.166174 0.469513 0.0140625 0.06614229
0 0.1792652 0.453413 0.0123733 0.02866343
2 0.208594 0.493164 0.110937 0.091797
2 0.289062 0.476562 0.06875 0.074219
2 0.567969 0.500977 0.057813 0.150391
2 0.439063 0.506836 0.25 0.287109
2 0.5577446 0.4390885 0.0398777 0.03031591
