0 0.603906 0.487305 0.029687 0.099609
0 0.580469 0.480469 0.029687 0.117188
0 0.819531 0.466797 0.029687 0.113281
0 0.79375 0.46875 0.025 0.121094
0 0.8585939 0.46582 0.029687 0.115234
0 0.8875 0.463867 0.03125 0.119141
0 0.6830188 0.4477874 0.01100545 0.02352244
0 0.134342 0.462106 0.01104715 0.02614447
0 0.1468146 0.4597075 0.01077303 0.02682978
0 0.1603836 0.4602215 0.01214364 0.0251165
0 0.4745661 0.4573391 0.006795072 0.01803234
0 0.5063612 0.4593831 0.007158422 0.01848656
0 0.546713 0.4620841 0.00833335 0.02962241
2 0.274219 0.482422 0.085938 0.097656
2 0.428906 0.470703 0.051562 0.0625
2 0.378906 0.470703 0.026562 0.03125
2 0.4004101 0.4717769 0.01644022 0.04093069
