0 0.785156 0.461914 0.023438 0.123047
0 0.708594 0.453125 0.029687 0.078125
0 0.69375 0.435547 0.028125 0.066406
0 0.8201626 0.4125447 0.04042964 0.0871582
0 0.7347003 0.4602624 0.01257439 0.08919269
0 0.7629741 0.4595648 0.02075892 0.08965772
0 0.6180708 0.4570072 0.01369047 0.06036088
0 0.08498462 0.4492432 0.01052477 0.02457988
0 0.1019363 0.4547709 0.01022995 0.03858343
0 0.1216886 0.4547709 0.01199882 0.03489828
0 0.4736954 0.4597063 0.01043525 0.0266462
0 0.1347986 0.4529059 0.01042879 0.02393714
0 0.5217627 0.4506415 0.0140625 0.03369141
1 0.4739744 0.4703439 0.00541296 0.0179269
2 0.23125 0.474609 0.08125 0.078125
2 0.344531 0.46582 0.035937 0.033203
2 0.415625 0.461914 0.028125 0.029297
