0 0.759375 0.457031 0.0375 0.109375
0 0.732031 0.457031 0.023438 0.089844
0 0.716406 0.46875 0.035937 0.105469
0 0.654687 0.473633 0.021875 0.095703
0 0.635156 0.473633 0.026562 0.099609
0 0.6705853 0.4554514 0.01228695 0.08061078
0 0.6824816 0.4334788 0.01193185 0.03311434
0 0.6055995 0.4652171 0.01583805 0.08860087
0 0.6174957 0.4685462 0.01761365 0.1112394
0 0.4833116 0.4536237 0.0140625 0.02753523
0 0.5678703 0.4451984 0.009773302 0.03749233
0 0.1066888 0.4462095 0.007645083 0.02176338
0 0.1255225 0.4639969 0.01071428 0.05245534
0 0.1365437 0.465392 0.008203125 0.04966518
1 0.4846902 0.4704741 0.007015944 0.01834404
1 0.06115532 0.4767796 0.04284539 0.04379112
2 0.407813 0.464844 0.03125 0.035156
2 0.378125 0.460938 0.028125 0.027344
2 0.348438 0.461914 0.034375 0.037109
2 0.310156 0.467773 0.051562 0.052734
2 0.244531 0.473633 0.070312 0.068359
