0 0.032031 0.489258 0.029687 0.099609
0 0.817187 0.481445 0.028125 0.103516
0 0.835938 0.485352 0.021875 0.072266
0 0.08046875 0.4788553 0.01770834 0.05664063
0 0.007552083 0.4948058 0.01354167 0.04166663
0 0.05651041 0.4970845 0.02083333 0.07747394
0 0.6746112 0.4812735 0.01049109 0.06947544
0 0.6888968 0.4921551 0.01584821 0.07672989
0 0.6987183 0.4795994 0.01049109 0.07282367
0 0.7217094 0.4809944 0.01540179 0.05998883
0 0.6549684 0.4770882 0.01227679 0.04771203
0 0.9129464 0.4625793 0.0171875 0.03543526
0 0.9446428 0.489365 0.01808033 0.07003346
0 0.9513394 0.4569989 0.01986608 0.03431919
2 0.190625 0.521484 0.2 0.148438
2 0.473438 0.563477 0.3 0.306641
