0 0.376563 0.508789 0.053125 0.197266
0 0.3375 0.505859 0.084375 0.222656
0 0.542969 0.514648 0.110937 0.240234
0 0.621875 0.49707 0.0375 0.189453
0 0.655469 0.496094 0.035937 0.195312
0 0.71875 0.501953 0.0625 0.1875
0 0.6877083 0.4729487 0.02233453 0.1435738
0 0.7011887 0.4733317 0.01865807 0.1389783
0 0.758174 0.4559067 0.01314335 0.1087239
2 0.870313 0.451172 0.171875 0.097656
2 0.275 0.470703 0.05625 0.054688
2 0.4689569 0.4575661 0.01007318 0.01300696
2 0.4845819 0.4563194 0.01140289 0.01383811
2 0.4973811 0.4563194 0.01240025 0.01383811
2 0.5135048 0.4561116 0.01140294 0.01342255
