0 0.572656 0.462891 0.032813 0.089844
0 0.635938 0.477539 0.046875 0.181641
0 0.065625 0.462891 0.021875 0.050781
0 0.1039851 0.4658607 0.01354166 0.04882813
0 0.08354238 0.4492592 0.01276042 0.03385416
0 0.7448969 0.4655879 0.0146307 0.04989347
1 0.570312 0.506836 0.021875 0.060547
1 0.628906 0.541016 0.045312 0.105469
1 0.9382811 0.53125 0.120313 0.15625
2 0.446094 0.466797 0.057813 0.078125
2 0.407031 0.488281 0.110937 0.109375
2 0.49375 0.466797 0.03125 0.027344
2 0.5415309 0.471739 0.03443084 0.06012833
