0 0.1 0.503906 0.05625 0.125
0 0.486719 0.572266 0.110937 0.488281
0 0.75625 0.498047 0.028125 0.105469
0 0.786719 0.496094 0.029687 0.109375
0 0.817187 0.494141 0.046875 0.125
0 0.85 0.49707 0.03125 0.115234
0 0.01875 0.494141 0.021875 0.0625
0 0.2046202 0.4905317 0.007451916 0.03523135
0 0.2118318 0.4815173 0.007451916 0.02095854
1 0.04631565 0.5080442 0.01699219 0.03344724
2 0.564844 0.511719 0.082812 0.113281
2 0.38125 0.491211 0.028125 0.037109
2 0.1396913 0.5037001 0.1283918 0.1066597
2 0.3303259 0.4919897 0.03274458 0.02776834
2 0.2826593 0.4956874 0.03211806 0.02495658
2 0.3385417 0.4874409 0.01927083 0.01888022
