0 0.6 0.591797 0.15625 0.457031
2 0.283594 0.477539 0.060937 0.068359
2 0.324219 0.478516 0.023438 0.039062
2 0.34375 0.474609 0.028125 0.035156
2 0.503906 0.470703 0.029687 0.035156
2 0.366406 0.472656 0.026562 0.03125
2 0.3838851 0.4717172 0.01243913 0.0251877
2 0.3954517 0.4714635 0.01162746 0.02062196
2 0.4053949 0.4675319 0.0112216 0.01986101
2 0.4212228 0.4647418 0.01325083 0.01732448
2 0.4862593 0.4704489 0.01304789 0.02721691
2 0.4786498 0.4677856 0.0112216 0.01935372
2 0.4718518 0.4608101 0.01548295 0.01554891
2 0.4464881 0.4545625 0.007912206 0.01030585
2 0.4320267 0.4548742 0.009906912 0.01051363
