0 0.842187 0.482422 0.046875 0.207031
0 0.801562 0.480469 0.05625 0.1875
0 0.527344 0.470703 0.029687 0.097656
0 0.486719 0.467773 0.023438 0.115234
0 0.467187 0.469727 0.034375 0.103516
0 0.414062 0.470703 0.040625 0.117188
0 0.329688 0.448242 0.025 0.072266
0 0.307031 0.445312 0.023438 0.070312
0 0.242188 0.445312 0.028125 0.074219
0 0.673438 0.438477 0.028125 0.068359
0 0.363281 0.4375 0.026562 0.054688
0 0.378125 0.459961 0.025 0.083984
0 0.264825 0.4537985 0.02214439 0.06606951
2 0.107813 0.556641 0.215625 0.277344
2 0.564844 0.458984 0.067187 0.058594
2 0.504687 0.444336 0.05 0.068359
2 0.633594 0.469727 0.032813 0.052734
2 0.4463318 0.4545786 0.05535717 0.06315103
2 0.6232291 0.4508583 0.0453125 0.03989956
2 0.9029356 0.4722714 0.1196497 0.09629497
