0 0.7625 0.561523 0.125 0.318359
0 0.877344 0.545898 0.123438 0.369141
0 0.657813 0.490234 0.040625 0.148438
0 0.594531 0.487305 0.048438 0.138672
0 0.540625 0.480469 0.034375 0.140625
0 0.482031 0.458008 0.029687 0.072266
0 0.518184 0.4629496 0.0140625 0.06983742
2 0.326562 0.568359 0.309375 0.300781
2 0.171094 0.491211 0.067187 0.107422
2 0.078125 0.481445 0.153125 0.271484
2 0.1802943 0.4476001 0.1072737 0.08627427
2 0.4522632 0.4617404 0.0265625 0.05403647
2 0.7239763 0.4704724 0.1908482 0.1152343
2 0.753887 0.5039545 0.167634 0.1520647
2 0.9128736 0.5281591 0.1726902 0.2816746
