0 0.086719 0.479492 0.042188 0.115234
0 0.321094 0.475586 0.048438 0.115234
0 0.370312 0.482422 0.0375 0.132812
0 0.410156 0.488281 0.054688 0.121094
0 0.9 0.458984 0.0375 0.148438
0 0.8625 0.47168 0.034375 0.130859
0 0.770312 0.474609 0.03125 0.117188
0 0.739844 0.474609 0.035937 0.113281
0 0.685937 0.430664 0.028125 0.044922
0 0.792969 0.479492 0.026562 0.134766
0 0.4539611 0.4644771 0.007752371 0.03109977
0 0.4909202 0.4610967 0.01135817 0.02133411
0 0.563336 0.4639137 0.008954334 0.04424578
0 0.5537207 0.4624113 0.008353377 0.04274338
0 0.7068765 0.466511 0.01731772 0.09529623
0 0.04492188 0.4476482 0.01183036 0.02246094
0 0.0281808 0.4453812 0.01517857 0.02350724
0 0.01381138 0.4507872 0.009877233 0.02734375
0 0.003487723 0.4675283 0.005412946 0.07198662
1 0.022656 0.490234 0.029687 0.03125
1 0.4914657 0.4707268 0.007696772 0.01359954
2 0.189062 0.481445 0.09375 0.087891
2 0.264062 0.470703 0.0625 0.0625
2 0.302344 0.467773 0.023438 0.044922
2 0.4064851 0.4631625 0.04441106 0.04274338
