0 0.040625 0.46875 0.028125 0.078125
0 0.442188 0.46582 0.028125 0.087891
0 0.53125 0.458008 0.025 0.087891
0 0.567969 0.456055 0.026562 0.076172
0 0.610156 0.451172 0.023438 0.070312
0 0.672656 0.452148 0.029687 0.060547
0 0.6375111 0.4480757 0.01660614 0.06890443
0 0.6513192 0.4487569 0.01587939 0.07299235
0 0.1804821 0.4641327 0.01299716 0.05442119
0 0.2046298 0.4665741 0.01299717 0.05220169
0 0.7226563 0.4272047 0.01741076 0.0266462
0 0.5488877 0.4618926 0.02845392 0.07771385
2 0.503125 0.458984 0.04375 0.042969
2 0.244531 0.467773 0.054688 0.052734
2 0.478521 0.4549707 0.01324015 0.01449424
2 0.4342194 0.4558233 0.008518171 0.015688
