0 0.573438 0.489258 0.028125 0.103516
0 0.548438 0.488281 0.034375 0.117188
0 0.709375 0.512695 0.065625 0.232422
0 0.786719 0.512695 0.076563 0.220703
0 0.911719 0.523438 0.089063 0.261719
0 0.973437 0.521484 0.05 0.238281
0 0.596875 0.493164 0.028125 0.076172
0 0.528906 0.47168 0.026562 0.052734
0 0.4941371 0.4833423 0.01164174 0.05113885
0 0.5105323 0.4788035 0.01274204 0.05031362
2 0.430469 0.487305 0.042188 0.041016
2 0.36875 0.483398 0.046875 0.044922
2 0.4038955 0.4856044 0.021875 0.03172144
