0 0.714844 0.572266 0.167187 0.472656
0 0.752344 0.5 0.035937 0.113281
0 0.7875 0.498047 0.03125 0.117188
0 0.8132811 0.495117 0.042188 0.123047
0 0.851562 0.49707 0.0375 0.119141
0 0.139063 0.504883 0.05 0.115234
0 0.01041667 0.4991596 0.01927083 0.05620658
0 0.205071 0.4912829 0.007151461 0.03448018
0 0.2121323 0.4805782 0.00625 0.01307091
1 0.046875 0.5089253 0.0171875 0.03493926
2 0.459375 0.505859 0.128125 0.105469
2 0.384375 0.487305 0.034375 0.041016
2 0.107031 0.5 0.060937 0.101562
2 0.178125 0.5 0.040625 0.105469
2 0.3260417 0.4937343 0.03107638 0.02452257
2 0.2769097 0.4976406 0.03350694 0.02886283
2 0.3383681 0.488743 0.0140625 0.02148438
