0 0.046875 0.553711 0.09375 0.583984
0 0.95625 0.607422 0.084375 0.453125
0 0.597656 0.478516 0.045312 0.082031
0 0.807813 0.481445 0.028125 0.068359
0 0.8351561 0.481445 0.023438 0.068359
0 0.9070311 0.470703 0.023438 0.082031
0 0.08875 0.4442525 0.009062499 0.03710938
0 0.10125 0.4501119 0.02031251 0.05820313
0 0.7907314 0.4527395 0.0112216 0.04361981
0 0.1332348 0.4527309 0.0149071 0.03394213
0 0.2388091 0.4408538 0.0132179 0.02180111
0 0.3120777 0.4379505 0.01279562 0.01493874
0 0.3247466 0.4363669 0.01110642 0.01916176
0 0.1502474 0.4432144 0.02166386 0.05716851
1 0.152344 0.69043 0.304688 0.412109
2 0.700781 0.508789 0.170313 0.166016
2 0.4942884 0.4553717 0.01520581 0.02662921
2 0.5708889 0.4556099 0.02740092 0.02615282
