0 0.551562 0.452148 0.034375 0.091797
0 0.032813 0.438477 0.028125 0.052734
1 0.55625 0.490234 0.028125 0.066406
2 0.182031 0.486328 0.151562 0.121094
2 0.282031 0.458984 0.070312 0.066406
2 0.321875 0.460938 0.03125 0.039062
2 0.338281 0.442383 0.048438 0.056641
2 0.409375 0.448242 0.04375 0.041016
2 0.607031 0.474609 0.070312 0.074219
2 0.692187 0.477539 0.15 0.146484
2 0.36875 0.449219 0.021875 0.039062
2 0.517188 0.447266 0.028125 0.035156
2 0.4473478 0.4476952 0.01707787 0.01792079
2 0.4783238 0.4475239 0.01927085 0.01757813
2 0.3836143 0.4482092 0.01844845 0.03128424
