0 0.650781 0.452148 0.023438 0.072266
0 0.590625 0.460938 0.021875 0.070312
0 0.5600852 0.4620259 0.01358905 0.055161
0 0.5720407 0.4648373 0.01098485 0.05013019
0 0.4479877 0.4648373 0.0100379 0.01935369
0 0.5451223 0.4536788 0.01167903 0.02883342
1 0.4488163 0.4751948 0.0045928 0.01343516
1 0.750868 0.504434 0.05515046 0.1123408
2 0.386719 0.47168 0.029687 0.033203
2 0.295312 0.478516 0.034375 0.050781
2 0.239844 0.481445 0.067187 0.056641
2 0.135937 0.491211 0.10625 0.095703
2 0.034375 0.499023 0.06875 0.138672
2 0.328125 0.474609 0.028125 0.035156
2 0.3603693 0.4696313 0.01576705 0.01864347
