0 0.038281 0.610352 0.073438 0.384766
0 0.867969 0.469727 0.032813 0.083984
0 0.522656 0.478516 0.029687 0.082031
0 0.9490927 0.4688911 0.01355848 0.07491177
0 0.9624497 0.4688911 0.0170867 0.08121219
0 0.08768394 0.4648424 0.01741071 0.08035716
0 0.09940269 0.4742593 0.02410714 0.06849891
0 0.2339637 0.442986 0.008854151 0.01692709
0 0.2459429 0.4403819 0.0109375 0.02213541
0 0.7886402 0.4754294 0.01744089 0.08778507
0 0.1519365 0.4474373 0.02504224 0.06139147
2 0.701562 0.507812 0.175 0.171875
2 0.9070309 0.466797 0.035937 0.039062
2 0.4952411 0.4563245 0.0155869 0.02853468
