0 0.71875 0.466797 0.025 0.070312
0 0.705469 0.474609 0.057813 0.125
0 0.8210939 0.46582 0.029687 0.115234
0 0.802344 0.466797 0.023438 0.121094
0 0.860938 0.464844 0.03125 0.105469
0 0.8875 0.460938 0.025 0.125
0 0.574219 0.463867 0.023438 0.052734
0 0.1266665 0.4595361 0.00995065 0.02580181
0 0.1403727 0.4609068 0.01269188 0.0244312
0 0.1555865 0.4588509 0.01186951 0.02648711
0 0.6860823 0.4473421 0.01517859 0.02362353
0 0.5029877 0.4591707 0.00703125 0.01757813
0 0.5465828 0.4615958 0.007552051 0.02539063
2 0.275 0.484375 0.0875 0.09375
2 0.428125 0.472656 0.053125 0.0625
2 0.3704144 0.471804 0.02391305 0.03074047
2 0.4009851 0.4698933 0.0191576 0.03371263
2 0.3890964 0.468195 0.01711958 0.02776834
