0 0.736719 0.442383 0.029687 0.064453
0 0.671875 0.475586 0.040625 0.087891
0 0.453993 0.4578552 0.01267362 0.02799478
0 0.613243 0.4500605 0.02005205 0.05013022
0 0.04063676 0.4444354 0.01191789 0.03327972
0 0.02930097 0.4511373 0.008854168 0.02064186
1 0.660156 0.516602 0.035937 0.056641
1 0.4528142 0.4692003 0.005609608 0.01661757
2 0.533594 0.47168 0.104688 0.107422
2 0.440625 0.457031 0.021875 0.027344
2 0.4125 0.462891 0.03125 0.035156
2 0.340625 0.458984 0.03125 0.035156
2 0.375781 0.458008 0.026562 0.029297
2 0.3969261 0.4611607 0.01237333 0.0210093
