0 0.81875 0.439453 0.0375 0.089844
0 0.79375 0.449219 0.03125 0.101562
0 0.4686365 0.4555457 0.01316104 0.02058294
0 0.5685288 0.4489823 0.0172328 0.0376755
0 0.5189363 0.4501146 0.007269049 0.01955956
0 0.4868224 0.453134 0.007762098 0.02387854
0 0.5345795 0.4403757 0.004485893 0.01600304
1 0.4683361 0.4709454 0.004146623 0.01757813
2 0.665625 0.496094 0.234375 0.226562
2 0.423438 0.467773 0.0375 0.044922
2 0.3375 0.461914 0.0375 0.041016
2 0.392014 0.4574237 0.01616588 0.01983172
2 0.3685765 0.4583627 0.01796875 0.01570013
