0 0.545312 0.510742 0.203125 0.373047
0 0.409375 0.513672 0.09375 0.402344
0 0.282813 0.457031 0.034375 0.101562
0 0.234375 0.452148 0.034375 0.091797
0 0.196875 0.454102 0.040625 0.091797
0 0.145313 0.453125 0.03125 0.09375
0 0.067187 0.493164 0.05 0.228516
0 0.035937 0.492188 0.06875 0.246094
0 0.10625 0.452148 0.025 0.095703
0 0.2127082 0.4545618 0.01781249 0.08320314
2 0.670312 0.453125 0.196875 0.09375
2 0.8914059 0.449219 0.173437 0.113281
2 0.357812 0.453125 0.0375 0.054688
2 0.3370832 0.4455774 0.0153125 0.02382812
