0 0.65625 0.453125 0.021875 0.105469
0 0.69375 0.450195 0.025 0.095703
0 0.732812 0.451172 0.021875 0.082031
0 0.753125 0.449219 0.021875 0.101562
0 0.776563 0.458008 0.025 0.103516
0 0.859375 0.449219 0.028125 0.117188
0 0.8164061 0.460938 0.032813 0.101562
0 0.8273439 0.432617 0.029687 0.064453
0 0.5146288 0.4425131 0.009375 0.02968749
0 0.6745402 0.4552298 0.01642098 0.09828275
0 0.7134552 0.4567038 0.0176002 0.09680867
0 0.7924646 0.4563353 0.01818981 0.09607166
0 0.840519 0.4544927 0.01465216 0.1100752
0 0.527245 0.435913 0.01059027 0.02698204
0 0.494693 0.4341046 0.008564806 0.02191842
2 0.201563 0.564453 0.34375 0.335938
2 0.3454847 0.4412436 0.02215402 0.02141464
2 0.3733865 0.4401973 0.01489956 0.01932201
