0 0.315625 0.494141 0.0625 0.132812
0 0.658594 0.470703 0.035937 0.125
0 0.710938 0.5 0.028125 0.0625
0 0.808594 0.491211 0.073438 0.248047
0 0.873437 0.445312 0.06875 0.144531
0 0.9070309 0.522461 0.095312 0.388672
0 0.9445311 0.538086 0.104688 0.490234
0 0.624219 0.475586 0.023438 0.060547
0 0.583594 0.47168 0.023438 0.060547
0 0.6864816 0.4987776 0.01261573 0.06025755
0 0.6040163 0.4754486 0.01435184 0.06351274
0 0.5607809 0.4712127 0.0122695 0.04959658
0 0.5459027 0.4740732 0.009482766 0.04889548
2 0.435937 0.480469 0.0375 0.035156
2 0.473438 0.477539 0.046875 0.044922
