0 0.045312 0.491211 0.03125 0.107422
0 0.495312 0.485352 0.05 0.123047
0 0.721094 0.483398 0.029687 0.099609
0 0.742188 0.484375 0.021875 0.097656
0 0.2208708 0.4567053 0.01496096 0.02369821
2 0.51875 0.472656 0.0375 0.046875
2 0.322656 0.472656 0.035937 0.035156
2 0.278906 0.479492 0.057813 0.044922
2 0.450377 0.4647605 0.02091174 0.02121106
2 0.4683169 0.4635284 0.01736317 0.02071822
2 0.362593 0.4633625 0.03145974 0.03160918
2 0.382036 0.462591 0.01047363 0.02697992
2 0.4095031 0.4612408 0.03084252 0.01965019
2 0.4331124 0.4614336 0.01386848 0.01694977
