0 0.494531 0.462891 0.023438 0.078125
0 0.248438 0.472656 0.021875 0.082031
0 0.20625 0.466797 0.021875 0.058594
0 0.017188 0.515625 0.034375 0.171875
0 0.1064446 0.4585532 0.01674108 0.03989956
0 0.1211767 0.4666447 0.01674107 0.06054688
0 0.1783196 0.4663657 0.01495535 0.06110489
0 0.2825607 0.4602273 0.01540177 0.03655136
0 0.7952839 0.4448813 0.02566967 0.06724331
0 0.6852392 0.4501826 0.01361604 0.05329242
0 0.7115785 0.4468344 0.0171875 0.06556919
0 0.7687214 0.4334416 0.01897321 0.05440846
2 0.511719 0.458984 0.026562 0.046875
2 0.226562 0.466797 0.021875 0.042969
2 0.4382353 0.4545032 0.01624274 0.01666969
2 0.4798414 0.4533677 0.01369915 0.01621547
