0 0.815625 0.491211 0.084375 0.259766
0 0.0078125 0.4950034 0.0140625 0.1085526
1 0.8117189 0.586914 0.095312 0.212891
2 0.103906 0.493164 0.173437 0.138672
2 0.217188 0.483398 0.08125 0.095703
2 0.267188 0.477539 0.040625 0.060547
2 0.282031 0.456055 0.067187 0.076172
2 0.347656 0.472656 0.104688 0.097656
2 0.542969 0.461914 0.032813 0.037109
2 0.628125 0.476562 0.059375 0.089844
2 0.659375 0.489258 0.103125 0.087891
2 0.9210941 0.547852 0.154688 0.220703
2 0.453125 0.460938 0.021875 0.027344
2 0.592969 0.464844 0.035937 0.046875
2 0.4041584 0.4641527 0.02618534 0.03104794
2 0.4891512 0.4579473 0.04469977 0.02523744
