0 0.179688 0.602539 0.29375 0.779297
0 0.477344 0.485352 0.042188 0.103516
0 0.503906 0.486328 0.042188 0.085938
0 0.8195311 0.46875 0.032813 0.109375
0 0.800781 0.46875 0.026562 0.113281
0 0.857031 0.467773 0.029687 0.119141
0 0.882031 0.462891 0.029687 0.121094
0 0.680933 0.4471571 0.01059027 0.01974827
0 0.5699542 0.4663583 0.008159732 0.03146702
0 0.5473641 0.4646883 0.007552051 0.0309245
2 0.279687 0.482422 0.08125 0.089844
2 0.428125 0.470703 0.05 0.054688
2 0.3998308 0.4703791 0.01622596 0.03710938
2 0.3804799 0.4675246 0.02175481 0.02659255
