0 0.901563 0.458984 0.040625 0.066406
0 0.978906 0.457031 0.039062 0.074219
0 0.865625 0.453125 0.025 0.066406
0 0.51875 0.460938 0.021875 0.039062
0 0.021094 0.454102 0.023438 0.064453
0 0.092969 0.457031 0.029687 0.039062
0 0.2761694 0.4716212 0.01373005 0.03420046
0 0.2598794 0.4666345 0.01107049 0.03669381
0 0.5865085 0.4668422 0.009408236 0.0329538
0 0.7424761 0.4745989 0.02062502 0.07226563
0 0.7756011 0.4689349 0.015625 0.06562498
0 0.4997126 0.4570724 0.0140625 0.03574672
0 0.5571254 0.4677464 0.006795072 0.02620822
1 0.500076 0.492274 0.009702062 0.02711666
1 0.5211517 0.490003 0.009702062 0.02439135
2 0.439844 0.436523 0.057813 0.029297
2 0.449219 0.488281 0.098437 0.101562
2 0.540625 0.478516 0.034375 0.035156
