0 0.903125 0.517578 0.04375 0.113281
0 0.139844 0.476562 0.026562 0.066406
0 0.717187 0.489258 0.021875 0.103516
0 0.804688 0.46582 0.025 0.048828
0 0.04991319 0.4658046 0.01319445 0.03927949
0 0.08007813 0.483437 0.01623263 0.0767144
0 0.09592014 0.4809956 0.01840278 0.07942709
0 0.1571181 0.4758415 0.009722221 0.0560981
0 0.1792535 0.4696023 0.01059028 0.02842882
0 0.7771267 0.487506 0.01536455 0.08051214
0 0.7575954 0.4747564 0.01623263 0.06043836
0 0.6079056 0.4721143 0.01171875 0.03125
1 0.98125 0.556641 0.034375 0.113281
2 0.296094 0.505859 0.104688 0.097656
2 0.467969 0.524414 0.201563 0.193359
