0 0.01875 0.515625 0.03125 0.121094
0 0.778906 0.503906 0.026562 0.117188
0 0.869531 0.506836 0.026562 0.115234
0 0.892188 0.503906 0.03125 0.132812
0 0.825762 0.5124938 0.0296875 0.1315104
0 0.5677431 0.4881217 0.01183038 0.04547992
0 0.579127 0.4844945 0.005133915 0.02594864
0 0.8235467 0.5073739 0.0359375 0.1174665
0 0.2730793 0.4682134 0.0089674 0.01460597
0 0.2834393 0.4703363 0.007948351 0.01120925
0 0.3092546 0.477979 0.007948374 0.02904212
2 0.517969 0.491211 0.045312 0.044922
2 0.432812 0.491211 0.05625 0.068359
2 0.320312 0.488281 0.040625 0.039062
2 0.273438 0.494141 0.05625 0.046875
2 0.3670108 0.4847902 0.0296875 0.03424481
2 0.3853441 0.4807537 0.01260416 0.02669272
2 0.3446091 0.4901 0.01478365 0.03109974
