0 0.516406 0.459961 0.023438 0.060547
0 0.2565021 0.4655532 0.009482741 0.04418105
0 0.2684903 0.4640379 0.01352372 0.04115033
1 0.520702 0.4896103 0.01140919 0.04116306
2 0.58125 0.472656 0.084375 0.078125
2 0.410156 0.458008 0.035937 0.029297
2 0.315625 0.470703 0.0625 0.058594
2 0.349219 0.455078 0.029687 0.042969
2 0.110937 0.49707 0.153125 0.126953
2 0.496875 0.453125 0.025 0.03125
2 0.3704956 0.4592078 0.01583135 0.03195018
2 0.3844992 0.4592078 0.01789505 0.02605397
2 0.4400711 0.4560755 0.01877947 0.01831517
2 0.5419284 0.4671309 0.03145637 0.05221844
2 0.4681885 0.4559851 0.01807432 0.01573059
