0 0.889062 0.470703 0.025 0.078125
0 0.9483507 0.4710151 0.0114583 0.07996964
0 0.9615885 0.4721001 0.01189241 0.08430991
0 0.7899305 0.457723 0.01059031 0.046875
0 0.8033854 0.4598931 0.01319447 0.05230036
0 0.8756511 0.4696587 0.01015625 0.06966147
0 0.09418403 0.4775255 0.02013889 0.06477863
0 0.1035156 0.4623345 0.02664931 0.0886502
0 0.2287326 0.4455159 0.01319444 0.02137586
0 0.2395833 0.4460585 0.007986116 0.01812065
0 0.1500362 0.4466455 0.02039696 0.05558488
1 0.871875 0.729492 0.25 0.404297
2 0.698438 0.510742 0.165625 0.162109
2 0.910937 0.46875 0.0375 0.046875
2 0.4967654 0.4568008 0.02092223 0.02377096
2 0.5508813 0.4613264 0.03616614 0.02424735
