0 0.959375 0.43457 0.04375 0.138672
0 0.835938 0.476562 0.04375 0.214844
0 0.8007811 0.479492 0.042188 0.189453
0 0.732812 0.449219 0.03125 0.097656
0 0.6578317 0.446854 0.01816087 0.05023694
0 0.6016073 0.4398099 0.008171129 0.02142033
0 0.6171042 0.4425315 0.01355023 0.02942494
0 0.5686923 0.4478145 0.007914972 0.02590293
0 0.9857271 0.4175626 0.02698317 0.1280048
0 0.4718894 0.4561051 0.009801149 0.02157316
2 0.51875 0.46582 0.075 0.076172
2 0.407813 0.457031 0.028125 0.03125
2 0.371094 0.456055 0.026562 0.037109
2 0.435937 0.461914 0.028125 0.037109
2 0.4577299 0.4608651 0.02153535 0.02125794
