0 0.6 0.460938 0.025 0.09375
0 0.585156 0.459961 0.023438 0.091797
0 0.704688 0.421875 0.021875 0.042969
0 0.817187 0.428711 0.028125 0.072266
0 0.8367189 0.423828 0.026562 0.046875
0 0.8585939 0.421875 0.026562 0.050781
0 0.799219 0.421875 0.023438 0.046875
0 0.7776726 0.4223757 0.01342473 0.03232622
0 0.7629246 0.4292017 0.01127234 0.03222656
0 0.6690351 0.4396649 0.01378345 0.03013393
0 0.6815909 0.4332126 0.01043525 0.03397045
2 0.021875 0.474609 0.04375 0.125
2 0.071094 0.47168 0.095312 0.099609
2 0.146875 0.474609 0.08125 0.085938
2 0.297656 0.47168 0.070312 0.064453
2 0.379688 0.457031 0.025 0.03125
2 0.436719 0.458984 0.026562 0.03125
2 0.49375 0.460938 0.05 0.058594
2 0.3395773 0.4566986 0.02111895 0.0223034
