0 0.364063 0.480469 0.04375 0.117188
0 0.330469 0.475586 0.035937 0.115234
0 0.8164061 0.431641 0.023438 0.039062
0 0.8 0.435547 0.025 0.054688
0 0.9846755 0.6820863 0.02908649 0.61253
0 0.5708807 0.4698982 0.007500029 0.03437501
0 0.518896 0.4569227 0.008854151 0.01251447
0 0.6761587 0.4493272 0.009143543 0.01902488
0 0.1533606 0.4586124 0.01042879 0.02212027
0 0.1658969 0.457931 0.01006541 0.02529979
2 0.8507811 0.482422 0.248438 0.164062
2 0.428125 0.470703 0.059375 0.066406
2 0.278125 0.483398 0.09375 0.095703
2 0.3832612 0.4651426 0.028234 0.03756359
2 0.3998308 0.4712806 0.0176683 0.03891224
