0 0.728125 0.504883 0.065625 0.240234
0 0.810937 0.478516 0.028125 0.140625
0 0.85625 0.481445 0.04375 0.146484
0 0.928125 0.484375 0.053125 0.15625
0 0.984375 0.472656 0.028125 0.171875
0 0.5287286 0.4814547 0.01465211 0.06437942
0 0.4845069 0.4713205 0.009345484 0.03674084
1 0.722656 0.572266 0.035937 0.125
2 0.099219 0.494141 0.192188 0.179688
2 0.353125 0.533203 0.225 0.214844
2 0.205469 0.483398 0.045312 0.041016
2 0.892188 0.461914 0.053125 0.076172
2 0.2312006 0.478982 0.02831688 0.03985059
2 0.2598464 0.4728142 0.02913926 0.04464775
2 0.8068911 0.4716676 0.07335744 0.08067909
