0 0.716406 0.537109 0.126562 0.25
0 0.892188 0.475586 0.05625 0.162109
0 0.975 0.464844 0.046875 0.167969
0 0.0125 0.46582 0.025 0.041016
0 0.928125 0.472656 0.040625 0.160156
0 0.1587702 0.4715516 0.008518135 0.03080896
0 0.5430073 0.4564795 0.0114583 0.04734001
0 0.5560281 0.4669427 0.01145835 0.04873511
0 0.7219122 0.5080979 0.03303571 0.218471
0 0.6195299 0.4534663 0.01475692 0.04231769
1 0.703125 0.635742 0.053125 0.123047
1 0.655469 0.607422 0.032813 0.109375
2 0.35625 0.623047 0.50625 0.472656
2 0.841406 0.457031 0.067187 0.070312
2 0.775781 0.467773 0.035937 0.056641
2 0.1801915 0.4658812 0.03623992 0.06105092
