0 0.93125 0.458984 0.03125 0.121094
0 0.9695309 0.43457 0.029687 0.083984
0 0.9835939 0.505859 0.029687 0.148438
0 0.198437 0.464844 0.021875 0.054688
0 0.126562 0.457031 0.021875 0.046875
0 0.1417969 0.4665935 0.01328125 0.06152344
0 0.1542969 0.4658611 0.0140625 0.05322266
0 0.2271484 0.4626873 0.01210937 0.03710938
0 0.008203125 0.4592693 0.01484375 0.078125
0 0.028125 0.462199 0.02578125 0.06933594
0 0.5372066 0.4651358 0.01170402 0.05111289
0 0.4897236 0.4562584 0.01834679 0.02482361
0 0.5105956 0.4607646 0.0140625 0.03978488
1 0.4945119 0.4718519 0.008266116 0.03143901
2 0.376563 0.467773 0.0375 0.029297
2 0.407031 0.462891 0.026562 0.027344
2 0.447656 0.467773 0.051562 0.056641
2 0.4786349 0.4658665 0.01834674 0.03584927
