0 0.754687 0.46875 0.04375 0.15625
0 0.71875 0.474609 0.034375 0.15625
0 0.667188 0.459961 0.034375 0.103516
0 0.635938 0.455078 0.03125 0.109375
0 0.614844 0.455078 0.029687 0.105469
0 0.534375 0.451172 0.03125 0.101562
0 0.817969 0.479492 0.042188 0.158203
0 0.854688 0.470703 0.03125 0.140625
0 0.5717586 0.458078 0.02693014 0.1020221
0 0.7015165 0.4612374 0.02463236 0.1278723
0 0.7980324 0.4619182 0.0221643 0.1253617
2 0.030469 0.448242 0.057813 0.052734
2 0.096875 0.442383 0.05 0.056641
2 0.182812 0.490234 0.159375 0.15625
2 0.9210939 0.455078 0.101562 0.105469
2 0.2538261 0.4478609 0.02927632 0.03916529
