0 0.71875 0.513672 0.11875 0.300781
0 0.8914061 0.473633 0.042188 0.158203
0 0.979688 0.464844 0.034375 0.167969
0 0.0109375 0.46582 0.021875 0.041016
0 0.925 0.473633 0.046875 0.158203
0 0.1607122 0.4717664 0.0078125 0.03276908
0 0.5421875 0.4554904 0.009895802 0.04361978
0 0.553993 0.4687282 0.01128468 0.05013019
0 0.6213542 0.4557074 0.0140625 0.03797743
1 0.70625 0.605469 0.046875 0.1875
1 0.658594 0.613281 0.032813 0.109375
2 0.352344 0.62207 0.504687 0.470703
2 0.840625 0.453125 0.0625 0.070312
2 0.774219 0.469727 0.035937 0.056641
2 0.18224 0.466341 0.0328125 0.05924478
