0 0.695312 0.495117 0.065625 0.232422
0 0.799219 0.473633 0.042188 0.134766
0 0.971094 0.46875 0.042188 0.167969
0 0.833594 0.456055 0.026562 0.091797
0 0.851562 0.481445 0.046875 0.134766
0 0.8976561 0.474609 0.032813 0.132812
0 0.5347837 0.4682154 0.008052921 0.03635818
0 0.5208114 0.4787322 0.01075721 0.05363584
0 0.5096935 0.4706568 0.01135821 0.05326021
0 0.7179874 0.473869 0.03191967 0.1805246
0 0.4838167 0.4717704 0.009075833 0.03544715
1 0.6875 0.579102 0.03125 0.134766
1 0.7175409 0.5422283 0.01674109 0.09068081
2 0.0796875 0.5 0.159375 0.230469
2 0.35 0.551758 0.271875 0.259766
2 0.8789061 0.463867 0.048438 0.072266
2 0.170313 0.479492 0.053125 0.060547
2 0.2091404 0.4811529 0.03833706 0.04199219
2 0.2370422 0.4781883 0.03164063 0.04443359
2 0.7714958 0.4794334 0.0366776 0.05047289
