0 0.053125 0.478516 0.040625 0.09375
0 0.225781 0.46875 0.032813 0.09375
0 0.294531 0.460938 0.023438 0.070312
0 0.313281 0.455078 0.023438 0.074219
0 0.367969 0.454102 0.023438 0.076172
0 0.385937 0.466797 0.021875 0.066406
0 0.428125 0.46582 0.021875 0.068359
0 0.454688 0.474609 0.021875 0.082031
0 0.497656 0.457031 0.026562 0.078125
0 0.554688 0.504883 0.05 0.138672
0 0.607031 0.486328 0.051562 0.097656
0 0.649219 0.508789 0.045312 0.146484
0 0.70625 0.493164 0.05625 0.099609
0 0.785937 0.480469 0.05625 0.195312
0 0.982031 0.494141 0.029687 0.179688
0 0.946875 0.496094 0.059375 0.179688
0 0.81875 0.448242 0.040625 0.068359
0 0.84375 0.447266 0.028125 0.074219
0 0.01446144 0.4382154 0.02736037 0.06245846
0 0.08361037 0.4816412 0.0133976 0.07949635
0 0.1206782 0.4625255 0.02569814 0.09861204
0 0.2754322 0.4720834 0.0140625 0.04708278
0 0.4055851 0.4666812 0.02037897 0.08115858
0 0.4780585 0.4664733 0.02237368 0.1181433
0 0.8688498 0.449851 0.01938162 0.06245843
