0 0.53125 0.480469 0.03125 0.117188
0 0.796094 0.474609 0.026562 0.117188
0 0.817187 0.46582 0.03125 0.115234
0 0.85625 0.467773 0.028125 0.119141
0 0.8835939 0.462891 0.026562 0.121094
0 0.557813 0.481445 0.034375 0.119141
0 0.6870162 0.4487251 0.0080966 0.01935369
0 0.5703968 0.465593 0.007244301 0.02823153
0 0.1373573 0.4610781 0.01159539 0.02545917
0 0.1527082 0.4598788 0.009402419 0.0251165
0 0.1636731 0.4607354 0.009402406 0.02477387
2 0.277344 0.480469 0.085938 0.089844
2 0.429688 0.469727 0.05625 0.060547
2 0.378125 0.46875 0.025 0.027344
2 0.4009669 0.470098 0.01569498 0.03973299
