0 0.896094 0.504883 0.057813 0.177734
0 0.823438 0.503906 0.046875 0.191406
0 0.624219 0.456055 0.029687 0.064453
0 0.55625 0.46582 0.025 0.056641
0 0.7467006 0.43976 0.01162109 0.04138184
0 0.4690635 0.4693844 0.008854198 0.01888019
0 0.9919434 0.4990194 0.01455078 0.1823731
0 0.7975 0.4944878 0.02906251 0.1621093
0 0.725625 0.4741754 0.01906252 0.1105469
0 0.8495805 0.4899571 0.02699356 0.1549704
1 0.4680219 0.4784989 0.005381966 0.01453993
2 0.092969 0.496094 0.145313 0.113281
2 0.208594 0.488281 0.076563 0.070312
2 0.260937 0.485352 0.034375 0.064453
2 0.317188 0.478516 0.0375 0.035156
2 0.403906 0.472656 0.029687 0.03125
2 0.353125 0.474609 0.03125 0.035156
2 0.3711049 0.4721392 0.01380637 0.03166625
2 0.3834 0.4692575 0.01380637 0.01885885
