0 0.867188 0.594727 0.184375 0.431641
0 0.675781 0.499023 0.054688 0.150391
0 0.625781 0.499023 0.035937 0.150391
0 0.575 0.496094 0.040625 0.148438
0 0.552344 0.484375 0.035937 0.132812
0 0.528125 0.461914 0.021875 0.068359
0 0.495312 0.461914 0.034375 0.087891
0 0.9679689 0.577148 0.060937 0.478516
2 0.073438 0.493164 0.14375 0.291016
2 0.160156 0.498047 0.085938 0.113281
2 0.179688 0.459961 0.134375 0.095703
2 0.777344 0.460938 0.167187 0.113281
2 0.778125 0.512695 0.16875 0.162109
2 0.330469 0.575195 0.317188 0.298828
