0 0.564063 0.515625 0.025 0.144531
0 0.735156 0.539062 0.076563 0.242188
0 0.828125 0.546875 0.090625 0.246094
0 0.955469 0.548828 0.085938 0.273438
0 0.584375 0.50293 0.028125 0.107422
0 0.540625 0.511719 0.025 0.097656
0 0.607031 0.503906 0.029687 0.074219
0 0.5181775 0.4957024 0.01521993 0.05193868
0 0.4995637 0.4984795 0.01645217 0.05870867
0 0.4832953 0.4996285 0.01443014 0.06330425
2 0.365625 0.501953 0.04375 0.046875
2 0.434375 0.500977 0.04375 0.041016
2 0.380344 0.4954913 0.0354666 0.04700881
2 0.4051135 0.4945278 0.01675649 0.01926187
