0 0.1038124 0.4687344 0.01648707 0.06068155
0 0.117821 0.4729438 0.01163794 0.06640625
0 0.1787046 0.4655354 0.01540948 0.04889548
0 0.2142495 0.4672928 0.011801 0.04738897
0 0.513936 0.4622769 0.009881163 0.0406855
0 0.5320919 0.4654404 0.01230192 0.0481129
0 0.5437143 0.4689993 0.007335043 0.05474174
0 0.5578202 0.4496037 0.01037326 0.02408856
2 0.378125 0.46875 0.03125 0.039062
2 0.402344 0.461914 0.026562 0.037109
2 0.451562 0.473633 0.053125 0.056641
2 0.488281 0.475586 0.035937 0.041016
2 0.4999541 0.453224 0.01806889 0.02058291
