0 0.94375 0.475586 0.06875 0.259766
0 0.879687 0.485352 0.065625 0.232422
0 0.56875 0.447266 0.028125 0.085938
0 0.680469 0.464844 0.023438 0.113281
0 0.707812 0.455078 0.028125 0.144531
0 0.171875 0.463867 0.025 0.068359
0 0.048438 0.455078 0.021875 0.058594
0 0.810937 0.400391 0.028125 0.050781
0 0.1382665 0.4648632 0.01612618 0.05848318
0 0.1528597 0.4691011 0.016421 0.07064414
0 0.09183373 0.4501227 0.01583137 0.04447964
0 0.01754127 0.45823 0.01818986 0.05995724
0 0.06544812 0.4528865 0.01435731 0.04042602
0 0.1046113 0.4523562 0.01482469 0.04425496
0 0.217236 0.4535385 0.008948875 0.03355822
0 0.2314405 0.456557 0.0106534 0.04598722
0 0.7198223 0.4544764 0.02018995 0.1248085
0 0.7810968 0.4069887 0.01773896 0.03979015
0 0.7636501 0.4133933 0.01786318 0.06561446
0 0.125046 0.4608247 0.01486378 0.06014624
2 0.501563 0.472656 0.05625 0.082031
2 0.428125 0.46582 0.10625 0.119141
2 0.320312 0.458008 0.04375 0.052734
2 0.295312 0.469727 0.05625 0.052734
2 0.5175305 0.4440197 0.04035826 0.0418731
