0 0.852344 0.463867 0.054688 0.154297
0 0.815625 0.46582 0.025 0.123047
0 0.630469 0.44043 0.023438 0.064453
0 0.559375 0.458008 0.021875 0.060547
0 0.579688 0.458008 0.021875 0.052734
0 0.683594 0.424805 0.023438 0.037109
0 0.6619522 0.4536336 0.01508155 0.08721128
0 0.6008109 0.4332532 0.01983695 0.03880772
0 0.6186439 0.4470524 0.01338315 0.06640625
0 0.5029072 0.4560236 0.008854151 0.03507486
0 0.5143003 0.4537857 0.008854151 0.03548175
0 0.4808244 0.4557511 0.008564806 0.04253474
0 0.4905177 0.4553894 0.008854151 0.04615161
0 0.110863 0.4593673 0.008777583 0.0399816
0 0.1214328 0.4496017 0.005101108 0.01642925
0 0.135794 0.4585056 0.009466911 0.03653494
0 0.4119396 0.4555932 0.0110991 0.01959857
1 0.4127478 0.4673793 0.005172396 0.01286367
2 0.351562 0.462891 0.028125 0.035156
2 0.315625 0.460938 0.025 0.03125
2 0.332626 0.4576018 0.01272323 0.02371651
2 0.3788314 0.46095 0.01049106 0.01199776
2 0.3889877 0.4610895 0.009375 0.01450893
