0 0.089063 0.474609 0.025 0.09375
0 0.560156 0.460938 0.045312 0.105469
0 0.722656 0.461914 0.026562 0.087891
0 0.702344 0.457031 0.026562 0.097656
0 0.2285328 0.4573529 0.006623292 0.04920796
0 0.2362463 0.4396433 0.009456825 0.02480808
2 0.510938 0.460938 0.0375 0.039062
2 0.452344 0.451172 0.023438 0.027344
2 0.364844 0.450195 0.032813 0.029297
2 0.332813 0.456055 0.0375 0.037109
2 0.283594 0.460938 0.051562 0.042969
2 0.4353231 0.4473522 0.01332254 0.01461416
2 0.4081743 0.4466181 0.01939433 0.01738203
2 0.4203991 0.4441233 0.009414911 0.01363975
