0 0.525781 0.481445 0.032813 0.126953
0 0.563281 0.487305 0.042188 0.115234
0 0.741406 0.469727 0.026562 0.123047
0 0.859375 0.466797 0.028125 0.132812
0 0.90625 0.463867 0.034375 0.138672
0 0.875 0.4748631 0.02611599 0.1347656
0 0.4885126 0.4587413 0.01368136 0.02377099
0 0.02057927 0.457074 0.01139482 0.04616043
0 0.009146342 0.4458793 0.009870428 0.0294874
0 0.7086293 0.466804 0.0165483 0.09703481
0 0.7267401 0.4397266 0.01299715 0.04021662
0 0.6766261 0.4365343 0.02065973 0.04188368
0 0.7706597 0.4844944 0.01961803 0.1299913
0 0.7850695 0.4764649 0.02135415 0.1304253
1 0.4902276 0.4725561 0.004916144 0.01614901
1 0.01791159 0.48518 0.03426067 0.03758574
2 0.191406 0.479492 0.098437 0.087891
2 0.257031 0.476562 0.060937 0.074219
2 0.373437 0.467773 0.034375 0.029297
2 0.410938 0.464844 0.0375 0.042969
2 0.2900153 0.4739853 0.02511435 0.06188074
2 0.3959216 0.4623178 0.01061971 0.01592293
