0 0.9804689 0.473633 0.035937 0.162109
0 0.892188 0.475586 0.046875 0.162109
0 0.935937 0.475586 0.040625 0.169922
0 0.0125 0.467773 0.025 0.044922
0 0.540625 0.455078 0.025 0.042969
0 0.5591463 0.4648157 0.01440973 0.04535592
0 0.7189236 0.4936785 0.0411458 0.2332899
0 0.1542781 0.4724369 0.0107481 0.03119081
0 0.7096675 0.5265995 0.1412177 0.301118
0 0.627984 0.4514775 0.01558685 0.04330221
1 0.701562 0.613281 0.046875 0.1875
2 0.353906 0.625 0.507812 0.46875
2 0.841406 0.454102 0.070312 0.072266
2 0.775 0.46875 0.04375 0.050781
2 0.180469 0.467773 0.035937 0.052734
