0 0.438281 0.463867 0.032813 0.103516
0 0.409375 0.466797 0.040625 0.109375
0 0.7625 0.513672 0.134375 0.28125
0 0.1175272 0.4596926 0.0113451 0.04432747
0 0.02972147 0.4333678 0.01779891 0.03498641
1 0.7671875 0.6048763 0.20625 0.1503906
2 0.3875 0.46582 0.040625 0.052734
2 0.080469 0.462891 0.073438 0.054688
2 0.109375 0.527344 0.215625 0.203125
2 0.582812 0.475586 0.2625 0.146484
2 0.921875 0.480469 0.153125 0.25
2 0.3683229 0.459892 0.01229362 0.02126327
2 0.3074443 0.458418 0.0143573 0.01610407
2 0.3297026 0.4589707 0.009935141 0.01426151
