0 0.8367189 0.571289 0.132812 0.337891
0 0.914062 0.59375 0.165625 0.433594
2 0.502344 0.470703 0.029687 0.035156
2 0.280469 0.476562 0.060937 0.0625
2 0.324219 0.478516 0.023438 0.035156
2 0.342187 0.473633 0.028125 0.037109
2 0.3685574 0.4724116 0.02140436 0.03146178
2 0.3845589 0.4718233 0.01274471 0.02652013
2 0.3943481 0.4711174 0.0116152 0.02510825
2 0.4038548 0.4682936 0.01217997 0.02463761
2 0.42108 0.4638226 0.01349773 0.01616624
2 0.4314339 0.4575867 0.008979654 0.01263648
2 0.4461176 0.4542923 0.009356165 0.01169524
2 0.4871568 0.4697055 0.01086221 0.02699077
2 0.4796267 0.4680583 0.008979654 0.02040192
2 0.4718142 0.4607635 0.01255646 0.01851937
