0 0.164844 0.482422 0.051562 0.109375
0 0.152344 0.476562 0.045312 0.125
0 0.244531 0.47168 0.057813 0.115234
0 0.40625 0.484375 0.034375 0.136719
0 0.467969 0.483398 0.045312 0.115234
0 0.675 0.433594 0.025 0.050781
0 0.740625 0.464844 0.025 0.109375
0 0.765625 0.463867 0.028125 0.123047
0 0.789062 0.483398 0.028125 0.130859
0 0.8625 0.473633 0.0375 0.126953
0 0.903125 0.46582 0.040625 0.138672
0 0.006747159 0.4515425 0.01122159 0.03710938
0 0.02290483 0.4579789 0.01015625 0.04554331
0 0.03728693 0.4473255 0.01122159 0.02601206
0 0.0509588 0.4468816 0.01299716 0.02512428
0 0.7093395 0.4655251 0.01796875 0.09969819
0 0.7249606 0.4568547 0.0115767 0.07306463
0 0.5586224 0.4632801 0.0147274 0.04417387
1 0.020313 0.490234 0.028125 0.03125
2 0.205469 0.477539 0.051562 0.087891
2 0.275 0.472656 0.05 0.070312
2 0.307031 0.469727 0.032813 0.044922
2 0.377344 0.46582 0.029687 0.033203
2 0.4204546 0.465747 0.0169034 0.0406605
