0 0.784375 0.516602 0.04375 0.158203
0 0.810937 0.513672 0.034375 0.132812
0 0.859375 0.517578 0.034375 0.125
0 0.902344 0.519531 0.042188 0.152344
0 0.95625 0.517578 0.0375 0.144531
0 0.014844 0.516602 0.026562 0.083984
1 0.03562528 0.5204848 0.01960685 0.03458917
2 0.120313 0.516602 0.14375 0.107422
2 0.219531 0.520508 0.060937 0.068359
2 0.257031 0.507812 0.048438 0.054688
2 0.3980258 0.4970489 0.02611608 0.03376117
2 0.4261507 0.5009551 0.0234375 0.02818078
2 0.2846329 0.5084887 0.02433035 0.04994419
