0 0.879687 0.473633 0.028125 0.119141
0 0.908594 0.473633 0.029687 0.119141
0 0.939844 0.467773 0.026562 0.123047
0 0.976562 0.469727 0.04375 0.119141
0 0.1 0.459961 0.021875 0.060547
0 0.084375 0.457031 0.025 0.058594
0 0.820312 0.457031 0.028125 0.097656
0 0.7875 0.456055 0.021875 0.103516
0 0.4737599 0.4563853 0.02052803 0.03306845
0 0.5040671 0.4568903 0.01217675 0.03946659
0 0.5266963 0.4637936 0.01163793 0.04721174
0 0.0335036 0.4596879 0.01616587 0.06790867
0 0.1730769 0.4640073 0.01286057 0.05175781
0 0.1981671 0.4647585 0.01436299 0.05326021
0 0.242488 0.4602513 0.01105771 0.04499701
0 0.04501488 0.4515693 0.0140625 0.05850074
0 0.5192539 0.458783 0.005827713 0.04212415
1 0.4724129 0.4786105 0.009213353 0.02566004
2 0.384375 0.460938 0.03125 0.03125
2 0.447656 0.463867 0.045312 0.056641
2 0.4900584 0.4661509 0.02241378 0.03912982
2 0.4192639 0.4575897 0.01971984 0.02700701
