0 0.660937 0.430664 0.03125 0.052734
0 0.588281 0.457031 0.023438 0.078125
0 0.775 0.470703 0.084375 0.238281
0 0.975 0.459961 0.046875 0.240234
0 0.053125 0.458008 0.021875 0.044922
0 0.005859375 0.4609255 0.01015625 0.05371094
0 0.2791016 0.4648318 0.02226562 0.04101563
0 0.625 0.4590527 0.0167799 0.07022759
0 0.8194445 0.4630313 0.02795143 0.1933593
0 0.8625579 0.4572443 0.02158565 0.1427228
0 0.9013311 0.4735203 0.02853012 0.1637008
0 0.9403934 0.4782223 0.04878473 0.2541233
0 0.03492647 0.4592123 0.01590074 0.04802391
0 0.1127671 0.4690788 0.01894531 0.05419922
1 0.2787109 0.4816775 0.01054688 0.02294922
2 0.4626953 0.475574 0.02304688 0.01269531
2 0.3457661 0.4643492 0.03170364 0.03521925
2 0.3661794 0.4659243 0.01507056 0.03206906
