0 0.170313 0.503906 0.040625 0.175781
0 0.51875 0.493164 0.05625 0.193359
0 0.582812 0.49707 0.0625 0.169922
0 0.908594 0.513672 0.051562 0.207031
0 0.8085939 0.455078 0.035937 0.082031
0 0.830469 0.521484 0.048438 0.199219
0 0.655469 0.480469 0.029687 0.085938
0 0.615625 0.47168 0.021875 0.052734
0 0.951562 0.566406 0.034375 0.054688
0 0.864062 0.560547 0.034375 0.058594
0 0.6343397 0.467342 0.01324015 0.04790297
2 0.465625 0.496094 0.0625 0.085938
2 0.5435776 0.4837154 0.0235322 0.07498819
2 0.5565983 0.4671435 0.0173769 0.02882341
