0 0.717969 0.444336 0.029687 0.119141
0 0.744531 0.445312 0.026562 0.121094
0 0.786719 0.446289 0.029687 0.119141
0 0.8117189 0.445312 0.026562 0.125
0 0.875 0.455078 0.040625 0.140625
0 0.9070311 0.442383 0.032813 0.119141
0 0.934375 0.451172 0.03125 0.140625
0 0.96875 0.448242 0.040625 0.138672
0 0.984375 0.433594 0.028125 0.109375
0 0.6955423 0.437273 0.01452208 0.06698069
0 0.8491728 0.4514372 0.02924109 0.1269532
0 0.5164745 0.4378368 0.01210937 0.0390625
0 0.5050546 0.4399789 0.009646749 0.03201425
0 0.3783969 0.4415284 0.008052873 0.02020735
2 0.3330243 0.4454722 0.01706731 0.01757813
2 0.3605183 0.4413406 0.01316106 0.0153245
