0 0.795312 0.46875 0.025 0.109375
0 0.820312 0.46582 0.028125 0.099609
0 0.8835939 0.469727 0.026562 0.126953
0 0.571094 0.460938 0.023438 0.046875
0 0.863281 0.47168 0.029687 0.115234
0 0.853906 0.443359 0.026562 0.066406
0 0.5458015 0.4622469 0.01015625 0.02669269
0 0.108508 0.4527281 0.01054688 0.01904297
0 0.1264767 0.4637144 0.01679688 0.04101563
0 0.6875759 0.4432379 0.01005607 0.02208534
0 0.1465834 0.4678537 0.01119261 0.03989956
2 0.275 0.485352 0.0875 0.095703
2 0.425781 0.466797 0.054688 0.050781
2 0.363281 0.473633 0.029687 0.029297
2 0.3835438 0.4716385 0.01557457 0.02261844
2 0.401697 0.4687941 0.01764324 0.04036456
