0 0.692187 0.494141 0.034375 0.09375
0 0.330469 0.495117 0.042188 0.123047
0 0.035937 0.504883 0.028125 0.115234
0 0.707812 0.487305 0.021875 0.068359
0 0.2420243 0.4762939 0.009365845 0.04329711
2 0.274219 0.492188 0.051562 0.050781
2 0.360156 0.478516 0.032813 0.03125
2 0.517969 0.489258 0.051562 0.052734
2 0.4356315 0.4734333 0.00928278 0.009908885
2 0.4516283 0.4742806 0.01687446 0.0210931
2 0.381134 0.4754668 0.01307862 0.02549899
2 0.3282633 0.4847869 0.04290311 0.037361
2 0.4124808 0.4721633 0.01183872 0.01222125
2 0.4227895 0.47168 0.01132331 0.01318768
