0 0.633594 0.500977 0.057813 0.248047
0 0.583594 0.453125 0.035937 0.1875
0 0.595313 0.467773 0.028125 0.169922
0 0.021875 0.530273 0.04375 0.251953
0 0.073438 0.530273 0.071875 0.263672
0 0.496094 0.451172 0.026562 0.089844
0 0.478906 0.463867 0.023438 0.064453
0 0.465625 0.452148 0.028125 0.083984
0 0.442188 0.443359 0.025 0.074219
0 0.682031 0.539062 0.082812 0.277344
0 0.3134431 0.4186104 0.008572626 0.02127323
2 0.107031 0.47168 0.060937 0.115234
2 0.140625 0.459961 0.0625 0.095703
2 0.179688 0.452148 0.115625 0.115234
2 0.253906 0.43457 0.057813 0.095703
2 0.346094 0.550781 0.242188 0.246094
2 0.792188 0.500977 0.1875 0.166016
2 0.860938 0.500977 0.275 0.302734
