0 0.03125 0.512695 0.0625 0.166016
0 0.442188 0.467773 0.034375 0.083984
0 0.14375 0.505859 0.028125 0.167969
0 0.173437 0.501953 0.05625 0.175781
0 0.74375 0.441406 0.021875 0.066406
0 0.1209365 0.4698786 0.01640625 0.05957031
0 0.1953505 0.4737849 0.02070311 0.0839844
0 0.2096083 0.4657283 0.0109375 0.06494141
0 0.8060547 0.4459529 0.02617187 0.06542969
0 0.8443359 0.4425349 0.01445313 0.05859375
0 0.2873427 0.4599719 0.01127231 0.0367606
0 0.7269942 0.4219976 0.01606569 0.03210133
2 0.501563 0.458984 0.04375 0.050781
2 0.241406 0.466797 0.054688 0.050781
2 0.4350736 0.455393 0.009830713 0.01757813
2 0.4773913 0.4535619 0.01503906 0.01798502
