0 0.092188 0.470703 0.05 0.125
0 0.408594 0.487305 0.042188 0.126953
0 0.55 0.480469 0.03125 0.144531
0 0.6565303 0.4508544 0.01080728 0.03629556
0 0.6812698 0.4518717 0.008854151 0.0415853
0 0.1498133 0.4515838 0.009050703 0.02273732
0 0.1571836 0.4473459 0.005512965 0.02973911
0 0.1617531 0.4453191 0.007576657 0.03747788
0 0.1984572 0.4497412 0.008461082 0.03526682
0 0.1761989 0.4442135 0.009935141 0.03600383
0 0.2161257 0.4424225 0.0149071 0.03447002
1 0.1078203 0.51671 0.09016635 0.06315106
2 0.4529233 0.4463997 0.02075896 0.02362353
2 0.5305418 0.4819735 0.08626075 0.07886583
2 0.5793025 0.4584013 0.0237608 0.03845638
