0 0.172656 0.458008 0.029687 0.095703
0 0.154688 0.506836 0.034375 0.076172
0 0.051562 0.500977 0.0625 0.212891
0 0.726562 0.466797 0.05625 0.230469
0 0.8945311 0.460938 0.054688 0.210938
0 0.773438 0.455078 0.0375 0.105469
0 0.01158405 0.4835442 0.0216056 0.1798896
0 0.5781314 0.4586503 0.01634908 0.0604516
0 0.5489774 0.460794 0.01825457 0.05235329
0 0.5331618 0.4448355 0.008727121 0.02901104
1 0.7625 0.506836 0.05625 0.064453
2 0.360156 0.630859 0.510938 0.46875
2 0.05004223 0.4788268 0.09852196 0.08725715
