0 0.522656 0.457031 0.032813 0.09375
0 0.494531 0.452148 0.029687 0.091797
0 0.470313 0.455078 0.025 0.089844
0 0.552344 0.472656 0.035937 0.132812
0 0.584375 0.464844 0.028125 0.132812
0 0.647656 0.469727 0.048438 0.134766
0 0.398438 0.450195 0.03125 0.087891
0 0.432812 0.454102 0.028125 0.091797
0 0.9367189 0.470703 0.067187 0.183594
0 0.707812 0.466797 0.03125 0.121094
0 0.671094 0.467773 0.029687 0.126953
2 0.757812 0.459961 0.078125 0.064453
2 0.872656 0.459961 0.082812 0.083984
2 0.014063 0.441406 0.028125 0.050781
2 0.110937 0.516602 0.18125 0.185547
