2 0.284375 0.472656 0.05625 0.058594
2 0.342187 0.473633 0.03125 0.037109
2 0.318893 0.4742542 0.02487981 0.04311898
2 0.3694689 0.4726882 0.02681394 0.02947646
2 0.3850135 0.4727825 0.01148694 0.02530476
2 0.3932552 0.4707435 0.01286058 0.02423164
2 0.4043301 0.4668802 0.01062844 0.02466089
2 0.4207277 0.4634461 0.01389079 0.01564646
2 0.4330687 0.4558019 0.008963776 0.01099917
2 0.4453219 0.4538488 0.009457206 0.009560019
2 0.502641 0.4681374 0.02310853 0.03032485
2 0.488414 0.4673151 0.01307564 0.02210116
2 0.4806838 0.4662871 0.009128285 0.01634458
2 0.472789 0.4620725 0.01340456 0.01531661
2 0.4681016 0.4536432 0.01258221 0.01120478
