0 0.061719 0.462891 0.042188 0.121094
0 0.748437 0.467773 0.034375 0.087891
0 0.716406 0.461914 0.035937 0.095703
0 0.686719 0.464844 0.026562 0.085938
0 0.5908054 0.4543266 0.01229839 0.04120463
0 0.1367415 0.4515905 0.01213943 0.02569109
0 0.1515252 0.4604547 0.01430289 0.03320313
0 0.1689531 0.4622576 0.009735584 0.03861177
0 0.2307319 0.45129 0.006850958 0.01727763
0 0.2487608 0.4535436 0.0111779 0.02178484
1 0.058594 0.506836 0.032813 0.083984
2 0.525781 0.477539 0.057813 0.060547
2 0.372656 0.472656 0.042188 0.0625
2 0.325781 0.481445 0.085938 0.091797
2 0.482031 0.462891 0.029687 0.035156
2 0.453125 0.460938 0.021875 0.027344
2 0.4082011 0.462909 0.02041841 0.02320576
2 0.2858745 0.4684624 0.0222862 0.03642404
