0 0.635156 0.463867 0.032813 0.126953
0 0.884375 0.441406 0.04375 0.132812
0 0.921875 0.504883 0.03125 0.185547
0 0.946094 0.425781 0.032813 0.175781
0 0.9851559 0.467773 0.026562 0.232422
0 0.8043871 0.4341602 0.02848559 0.039363
0 0.1955236 0.4654285 0.01448479 0.05136189
0 0.176098 0.4619973 0.0127956 0.04977831
0 0.07388393 0.4730534 0.01584821 0.07672992
0 0.08705357 0.452127 0.01183036 0.02818081
0 0.03186678 0.4738721 0.01694079 0.08131167
0 0.2330143 0.4507118 0.006919646 0.01255581
0 0.008928573 0.4737002 0.01629464 0.08314729
2 0.257031 0.483398 0.070312 0.068359
2 0.299219 0.470703 0.035937 0.0625
2 0.43125 0.492188 0.196875 0.226562
2 0.546875 0.492188 0.0625 0.105469
2 0.540625 0.4417974 0.0442708 0.03059894
