0 0.9335939 0.542969 0.110937 0.382812
0 0.859375 0.539062 0.0625 0.347656
0 0.80625 0.548828 0.1 0.367188
0 0.654687 0.508789 0.03125 0.095703
0 0.567969 0.49707 0.029687 0.087891
0 0.539062 0.498047 0.025 0.085938
0 0.501563 0.475586 0.021875 0.041016
0 0.514844 0.50293 0.032813 0.091797
0 0.5881842 0.4997511 0.0140625 0.06249997
0 0.6084968 0.510005 0.015625 0.069987
0 0.6258796 0.5047582 0.02529297 0.104248
2 0.322656 0.498047 0.085938 0.109375
2 0.428125 0.494141 0.0375 0.039062
2 0.236719 0.53418 0.167187 0.134766
2 0.402344 0.489258 0.026562 0.029297
