0 0.091406 0.478516 0.023438 0.066406
0 0.1201746 0.4616279 0.01636029 0.05147058
0 0.05528846 0.4689705 0.008052886 0.02308694
0 0.06610577 0.4652146 0.01286058 0.02158454
0 0.04667468 0.4657153 0.008453527 0.02158454
0 0.03505609 0.4664665 0.01005609 0.02108374
0 0.01262019 0.4672177 0.009254808 0.02559093
0 0.02363782 0.4687202 0.009655449 0.02659255
0 0.07431891 0.4662161 0.01085737 0.01757813
2 0.189844 0.505859 0.167187 0.128906
2 0.295312 0.483398 0.05625 0.072266
2 0.461719 0.489258 0.085938 0.095703
