0 0.1145117 0.4538121 0.01729525 0.04317081
0 0.2062082 0.4435485 0.01227679 0.02483258
2 0.042188 0.470703 0.084375 0.066406
2 0.092188 0.466797 0.046875 0.054688
2 0.184375 0.458008 0.053125 0.041016
2 0.578125 0.446289 0.046875 0.037109
2 0.482812 0.446289 0.028125 0.033203
2 0.296875 0.447266 0.028125 0.035156
2 0.2769314 0.4488356 0.03415177 0.02827382
2 0.3159967 0.4445428 0.01614585 0.02408853
2 0.3536703 0.4410706 0.01579862 0.01714408
2 0.3694689 0.4423726 0.01684029 0.01974827
2 0.3798856 0.4334751 0.009201383 0.01236981
2 0.4222468 0.431739 0.01336808 0.01236978
