0 0.104688 0.46875 0.025 0.070312
0 0.624094 0.4649438 0.009661054 0.06104204
0 0.6311362 0.4595795 0.01538291 0.07177046
0 0.6453308 0.4656315 0.009000873 0.06626871
0 0.6573246 0.4667318 0.01714349 0.06131712
0 0.6579849 0.4357844 0.006580067 0.01592761
0 0.6695385 0.4580666 0.01604314 0.06104204
0 0.08322107 0.4698398 0.01304789 0.06069908
0 0.06140695 0.4686984 0.01730925 0.06247464
0 0.119724 0.4632449 0.01710633 0.05917716
0 0.01623377 0.4618497 0.01507711 0.06653306
0 0.0317573 0.4699667 0.0140625 0.06906962
0 0.04464286 0.466035 0.01142451 0.07439631
0 0.1864854 0.4530988 0.01061282 0.02265117
0 0.2020089 0.457284 0.01203328 0.02645597
0 0.2411348 0.4525259 0.02054117 0.04997143
1 0.2430403 0.4915884 0.01977894 0.03472748
2 0.359375 0.475586 0.05625 0.064453
2 0.309375 0.463867 0.0375 0.037109
2 0.511719 0.475586 0.048438 0.044922
2 0.480469 0.461914 0.029687 0.029297
2 0.389844 0.466797 0.023438 0.046875
2 0.448168 0.4636618 0.01760416 0.02148438
2 0.4118138 0.4607973 0.02406249 0.01940104
2 0.4297131 0.4594041 0.01043525 0.01409039
