0 0.032031 0.473633 0.026562 0.076172
0 0.15625 0.481445 0.04375 0.134766
0 0.184375 0.479492 0.028125 0.126953
0 0.248438 0.477539 0.040625 0.134766
0 0.297656 0.490234 0.042188 0.074219
0 0.332031 0.476562 0.032813 0.0625
0 0.355469 0.484375 0.042188 0.085938
0 0.410938 0.498047 0.0375 0.101562
0 0.532031 0.484375 0.026562 0.117188
0 0.584375 0.489258 0.0375 0.130859
0 0.615625 0.485352 0.03125 0.138672
0 0.08052884 0.474234 0.01446314 0.0471254
0 0.09194712 0.4702277 0.01326122 0.06415263
0 0.1067708 0.4687252 0.01646634 0.06415266
0 0.2111378 0.4694764 0.01766827 0.05664063
0 0.2778445 0.4657204 0.0140625 0.05814305
0 0.4913862 0.456706 0.01566505 0.06615585
0 0.5098157 0.4624652 0.01726761 0.05463743
0 0.505008 0.4384268 0.01326122 0.02659255
0 0.668125 0.4764965 0.01281252 0.1222656
