0 0.567187 0.422852 0.025 0.083984
0 0.5309866 0.4115102 0.01197915 0.03927952
0 0.5577227 0.4195397 0.01197915 0.05273438
0 0.4427921 0.408689 0.008506966 0.02929688
0 0.8137153 0.3934981 0.01267357 0.02408853
0 0.7720486 0.3919789 0.01475697 0.02278644
2 0.497656 0.420898 0.070312 0.072266
2 0.420312 0.40918 0.021875 0.029297
2 0.353906 0.416016 0.076563 0.085938
2 0.304688 0.398438 0.034375 0.050781
2 0.253125 0.416016 0.05625 0.046875
2 0.190625 0.4067359 0.0421875 0.02799478
2 0.4534675 0.4095908 0.01733289 0.02711666
2 0.3955096 0.4080011 0.01551597 0.02757087
