0 0.619531 0.461914 0.032813 0.119141
0 0.8429691 0.443359 0.042188 0.125
0 0.882031 0.490234 0.035937 0.171875
0 0.9054691 0.464844 0.048438 0.238281
0 0.946875 0.467773 0.034375 0.216797
0 0.967355 0.4709836 0.01685267 0.2052176
0 0.9863281 0.4650545 0.02578125 0.218471
0 0.7420422 0.444595 0.02361112 0.06640625
0 0.786096 0.4326593 0.01015625 0.03819445
0 0.02934451 0.4743789 0.01825457 0.07426637
0 0.01810213 0.4619933 0.0133003 0.05806974
0 0.1996951 0.4636605 0.01673019 0.04806593
0 0.1766827 0.4627054 0.01286057 0.04512221
0 0.2219551 0.4647086 0.009655451 0.04311898
0 0.08353366 0.4747246 0.0140625 0.06415266
0 0.09094551 0.4494342 0.0120593 0.03059897
2 0.532813 0.489258 0.071875 0.099609
2 0.260156 0.484375 0.073438 0.058594
2 0.428906 0.486328 0.173437 0.207031
2 0.5360116 0.4415817 0.053125 0.04227942
2 0.3030153 0.4697297 0.05220587 0.06410849
