0 0.95 0.444336 0.065625 0.091797
0 0.735156 0.495117 0.042188 0.115234
0 0.686719 0.485352 0.045312 0.119141
0 0.625 0.489258 0.034375 0.119141
0 0.59375 0.484375 0.040625 0.117188
0 0.55625 0.486328 0.028125 0.105469
0 0.528906 0.488281 0.026562 0.0625
0 0.503125 0.489258 0.025 0.056641
0 0.480469 0.488281 0.023438 0.046875
1 0.782031 0.522461 0.035937 0.076172
2 0.332031 0.485352 0.073438 0.076172
2 0.103906 0.540039 0.204687 0.275391
2 0.421875 0.488281 0.046875 0.042969
2 0.389844 0.488281 0.029687 0.027344
