0 0.788281 0.516602 0.060937 0.275391
0 0.854688 0.505859 0.071875 0.261719
0 0.9382811 0.527344 0.076563 0.246094
0 0.686719 0.482422 0.045312 0.09375
0 0.640625 0.480469 0.0375 0.097656
0 0.595313 0.470703 0.034375 0.105469
0 0.567969 0.470703 0.042188 0.109375
0 0.538281 0.475586 0.023438 0.099609
0 0.46875 0.481445 0.021875 0.044922
0 0.8155691 0.4296762 0.02689734 0.05385044
0 0.5216566 0.482944 0.01229362 0.05700913
0 0.5810611 0.4812856 0.01789508 0.1008623
0 0.4825472 0.4852393 0.008305931 0.04567572
0 0.4948827 0.4857533 0.009950685 0.04807431
1 0.7273291 0.5015521 0.0375 0.07384673
2 0.346875 0.478516 0.05625 0.058594
2 0.208594 0.49707 0.154688 0.138672
2 0.41875 0.486328 0.040625 0.03125
2 0.3909872 0.4819503 0.02109375 0.02978516
