0 0.957812 0.508789 0.0625 0.228516
0 0.753906 0.433594 0.023438 0.042969
0 0.044531 0.490234 0.032813 0.070312
0 0.7703108 0.4410307 0.009548617 0.03233507
0 0.7788178 0.4351713 0.01128473 0.04318577
0 0.7861094 0.4264908 0.01128468 0.05881077
0 0.5470673 0.4669192 0.0131434 0.05893841
0 0.5323614 0.4571536 0.01069241 0.02791819
0 0.5610073 0.462898 0.01099877 0.04476869
1 0.656684 0.4985858 0.03489585 0.1000434
2 0.389844 0.474609 0.026562 0.035156
2 0.321094 0.477539 0.035937 0.037109
2 0.278125 0.480469 0.05 0.046875
2 0.207031 0.490234 0.060937 0.074219
2 0.135937 0.5 0.11875 0.109375
2 0.342187 0.473633 0.021875 0.029297
2 0.3656363 0.4712293 0.01917613 0.02041903
