0 0.659375 0.491211 0.040625 0.134766
0 0.679688 0.494141 0.034375 0.125
0 0.742969 0.474609 0.029687 0.117188
0 0.782813 0.483398 0.0375 0.146484
0 0.8273441 0.476562 0.042188 0.132812
0 0.869531 0.473633 0.026562 0.138672
0 0.9054689 0.470703 0.035937 0.148438
0 0.7079828 0.4689279 0.02146382 0.100329
0 0.7258693 0.4409159 0.01118422 0.03094161
0 0.4837944 0.463973 0.01300321 0.01923332
0 0.005899235 0.4468618 0.009598214 0.02594864
0 0.01514668 0.4520435 0.0140625 0.02754304
1 0.4835296 0.4739042 0.005058289 0.01327464
1 0.01897321 0.489711 0.03638393 0.04149395
2 0.414844 0.467773 0.032813 0.041016
2 0.257812 0.478516 0.065625 0.070312
2 0.189062 0.484375 0.096875 0.089844
2 0.367188 0.470703 0.03125 0.03125
2 0.38125 0.466797 0.021875 0.027344
2 0.2906515 0.4748973 0.02253709 0.05233714
2 0.3967161 0.4656282 0.01114936 0.01592293
