0 0.9757811 0.521484 0.042188 0.125
0 0.06875 0.478516 0.021875 0.085938
0 0.053125 0.481445 0.021875 0.087891
0 0.10625 0.481445 0.025 0.076172
0 0.8125 0.490234 0.021875 0.085938
0 0.835938 0.486328 0.028125 0.089844
0 0.752344 0.493164 0.023438 0.119141
0 0.0108817 0.4883055 0.01908482 0.09012279
0 0.1264676 0.4777192 0.01636029 0.06181064
0 0.1754106 0.4685281 0.01222427 0.03883272
0 0.6149368 0.4743115 0.01171875 0.03564453
2 0.469531 0.525391 0.192188 0.199219
2 0.242188 0.516602 0.146875 0.115234
