0 0.291406 0.501953 0.076563 0.203125
0 0.375 0.46875 0.034375 0.082031
0 0.05486111 0.4598445 0.01371528 0.04318577
0 0.06666667 0.4555043 0.0109375 0.04144967
0 0.07725694 0.4492109 0.01475695 0.03146702
0 0.4158266 0.4641094 0.02263107 0.07617188
0 0.2187141 0.4506227 0.009895849 0.02213544
2 0.502344 0.458984 0.045312 0.046875
2 0.678125 0.478516 0.028125 0.097656
2 0.790625 0.478516 0.16875 0.109375
2 0.2375 0.466797 0.05 0.058594
2 0.103906 0.487305 0.167187 0.087891
2 0.4767086 0.4544132 0.01141419 0.0139367
2 0.4394999 0.4560684 0.01538663 0.01261255
2 0.8558728 0.4417635 0.0453125 0.0357624
