0 0.390625 0.46582 0.021875 0.083984
0 0.614062 0.451172 0.021875 0.070312
0 0.676562 0.449219 0.025 0.074219
0 0.653906 0.451172 0.026562 0.074219
0 0.2082201 0.4662795 0.0127038 0.05069631
0 0.1834239 0.4639442 0.01474185 0.05621603
0 0.06131114 0.4698885 0.01915761 0.08084238
0 0.07574729 0.4724361 0.01610054 0.07319975
0 0.2690285 0.4540437 0.0109375 0.02762276
0 0.5741625 0.4626932 0.02388391 0.08510041
0 0.5891178 0.4557178 0.01986604 0.07561386
0 0.7145642 0.4495794 0.02254462 0.07784599
0 0.7676892 0.4367446 0.01629462 0.05106029
2 0.503125 0.458008 0.04375 0.044922
2 0.246094 0.467773 0.057813 0.052734
2 0.4384652 0.4540354 0.01808038 0.01311383
2 0.4793134 0.4543144 0.01227679 0.01478794
