0 0.830469 0.469727 0.060937 0.208984
0 0.640625 0.464844 0.04375 0.226562
0 0.602344 0.449219 0.026562 0.078125
0 0.56875 0.489258 0.071875 0.193359
0 0.2898552 0.462185 0.01101372 0.04044396
0 0.277279 0.4588504 0.01101372 0.04330221
0 0.2664177 0.4495611 0.01139481 0.01995999
0 0.6685606 0.4733319 0.03726325 0.1998698
0 0.6936553 0.4345653 0.0419981 0.1270715
2 0.854688 0.446289 0.03125 0.095703
2 0.500781 0.460938 0.048438 0.042969
2 0.433594 0.455078 0.026562 0.027344
2 0.395313 0.456055 0.04375 0.052734
2 0.24375 0.47168 0.0625 0.060547
2 0.4809538 0.4517414 0.012609 0.01712391
