0 0.902344 0.466797 0.042188 0.148438
0 0.871875 0.476562 0.0375 0.136719
0 0.817187 0.490234 0.034375 0.152344
0 0.775781 0.475586 0.032813 0.130859
0 0.742969 0.476562 0.029687 0.117188
0 0.719531 0.489258 0.045312 0.130859
0 0.678125 0.488281 0.0375 0.128906
0 0.015625 0.4584582 0.01045673 0.03786057
0 0.003605769 0.4522608 0.005649039 0.03222656
0 0.4811785 0.4640672 0.0122396 0.02148438
1 0.01968149 0.4896331 0.03780048 0.03936297
1 0.4801368 0.4751349 0.00546875 0.01627603
2 0.417187 0.466797 0.03125 0.039062
2 0.253125 0.478516 0.065625 0.078125
2 0.1875 0.488281 0.096875 0.09375
2 0.289844 0.473633 0.023438 0.052734
2 0.364063 0.470703 0.028125 0.027344
2 0.379688 0.46875 0.025 0.027344
2 0.3972408 0.4655949 0.01356649 0.01850817
