0 0.45625 0.480469 0.05 0.109375
0 0.3 0.474609 0.034375 0.125
0 0.745313 0.548828 0.178125 0.441406
0 0.932031 0.574219 0.132812 0.523438
0 0.1841725 0.4650156 0.01030092 0.04398146
0 0.2494213 0.465739 0.007696748 0.03674769
0 0.2585359 0.4664623 0.01087964 0.04542825
0 0.8279803 0.4708026 0.04039345 0.05338544
0 0.8415798 0.4746003 0.04155092 0.06459779
0 0.2769265 0.4642808 0.00828805 0.04729959
0 0.0950334 0.4733559 0.007081115 0.02755153
0 0.1040095 0.463798 0.008410901 0.01508477
1 0.899219 0.475586 0.023438 0.060547
2 0.430469 0.464844 0.035937 0.054688
2 0.4100116 0.4595902 0.01811342 0.02662039
