0 0.513281 0.482422 0.039062 0.113281
0 0.35 0.473633 0.05 0.130859
0 0.604688 0.545898 0.153125 0.455078
0 0.752344 0.576172 0.145313 0.574219
0 0.160938 0.454102 0.025 0.041016
0 0.827577 0.4707243 0.0377368 0.05249766
0 0.8434388 0.4778266 0.0429451 0.06433478
0 0.189393 0.4651567 0.008461082 0.04374263
0 0.2477146 0.4653423 0.01100543 0.04093072
0 0.2563763 0.4651301 0.009307074 0.04135531
0 0.2672458 0.4661915 0.009307074 0.04347825
0 0.09386984 0.4704469 0.00674867 0.03170711
0 0.105173 0.4633824 0.008078456 0.01924035
1 0.908594 0.481445 0.032813 0.068359
2 0.436719 0.466797 0.045312 0.058594
2 0.4091748 0.4590762 0.02054832 0.02642247
