0 0.760938 0.508789 0.034375 0.091797
0 0.707812 0.492188 0.0375 0.15625
0 0.672656 0.5 0.048438 0.152344
0 0.597656 0.484375 0.042188 0.132812
0 0.479687 0.490234 0.04375 0.074219
0 0.41875 0.489258 0.040625 0.087891
0 0.388281 0.481445 0.029687 0.076172
0 0.353125 0.485352 0.04375 0.087891
0 0.301563 0.476562 0.04375 0.132812
0 0.260156 0.479492 0.054688 0.158203
0 0.225781 0.459961 0.023438 0.064453
0 0.091406 0.472656 0.029687 0.085938
0 0.7746643 0.4893118 0.01674109 0.1464844
0 0.1257803 0.4731287 0.01361607 0.04492188
0 0.1402893 0.4661533 0.01941965 0.05775669
0 0.1530125 0.4597358 0.009151781 0.06612724
0 0.1606018 0.4728497 0.01183035 0.04436383
0 0.3243535 0.4614228 0.0146013 0.06472254
