0 0.600781 0.459961 0.023438 0.087891
0 0.25625 0.46875 0.021875 0.054688
0 0.225781 0.467773 0.026562 0.060547
0 0.6497286 0.4669491 0.02024741 0.1099447
0 0.6656792 0.4651181 0.01634116 0.120931
0 0.6935111 0.4671526 0.02578125 0.112793
0 0.5480034 0.4577938 0.0153646 0.06559244
0 0.6140841 0.440704 0.01471353 0.03873697
0 0.2748631 0.4674412 0.01848469 0.05553508
0 0.28754 0.4654144 0.01199882 0.05590358
0 0.3099457 0.4654144 0.01258843 0.05295548
0 0.3210011 0.4667042 0.01642098 0.05332398
0 0.1208726 0.4593339 0.01494694 0.05627209
0 0.1102594 0.461545 0.009640324 0.05627212
0 0.1008255 0.4611765 0.0114092 0.05258694
0 0.06839623 0.4641246 0.01612618 0.05479807
0 0.08446344 0.4655986 0.01288325 0.05111289
0 0.02535377 0.4582283 0.0114092 0.05479807
0 0.03626179 0.4591497 0.01081957 0.06474796
0 0.04363208 0.4480942 0.01081957 0.03452978
0 0.7208074 0.444211 0.02337098 0.0549784
1 0.719999 0.4992864 0.03773675 0.06906959
2 0.339062 0.470703 0.03125 0.035156
2 0.354687 0.460938 0.034375 0.039062
2 0.448437 0.46875 0.078125 0.078125
2 0.503125 0.470703 0.040625 0.058594
2 0.5169161 0.4461972 0.03131509 0.03019205
