0 0.560937 0.466797 0.025 0.070312
0 0.589844 0.461914 0.026562 0.099609
0 0.620313 0.46582 0.034375 0.115234
0 0.8125 0.458008 0.03125 0.134766
0 0.6569441 0.4302452 0.02695313 0.05126953
0 0.6352644 0.4295127 0.0203125 0.046875
0 0.4624316 0.4610098 0.01297235 0.03438407
0 0.5311089 0.4573761 0.01151891 0.03256723
1 0.462795 0.4764532 0.01151891 0.02529979
1 0.6076549 0.5025415 0.0203125 0.04436383
2 0.30625 0.463867 0.0375 0.041016
2 0.24375 0.474609 0.053125 0.058594
2 0.4206438 0.4694128 0.01951308 0.01212755
