0 0.616406 0.46582 0.045312 0.123047
0 0.753906 0.470703 0.026562 0.105469
0 0.789062 0.46875 0.03125 0.125
0 0.775781 0.487305 0.026562 0.119141
0 0.865625 0.472656 0.03125 0.132812
0 0.9 0.46582 0.0375 0.146484
0 0.1375 0.482422 0.021875 0.113281
0 0.151562 0.470703 0.025 0.125
0 0.120313 0.484375 0.034375 0.121094
0 0.092188 0.480469 0.025 0.125
0 0.013281 0.452148 0.023438 0.044922
0 0.7071277 0.4641191 0.01819854 0.102022
0 0.4889063 0.4623015 0.01601562 0.02978516
0 0.7243099 0.4374947 0.01362848 0.03710938
1 0.01875 0.490234 0.03125 0.03125
1 0.4889063 0.4720671 0.005859375 0.01513672
2 0.410938 0.464844 0.0375 0.046875
2 0.291406 0.469727 0.029687 0.044922
2 0.257812 0.475586 0.05625 0.068359
2 0.19375 0.480469 0.075 0.085938
2 0.374219 0.46875 0.032813 0.027344
