0 0.711719 0.498047 0.054688 0.164062
0 0.659375 0.499023 0.04375 0.166016
0 0.634375 0.496094 0.040625 0.160156
0 0.6125 0.488281 0.03125 0.140625
0 0.584375 0.495117 0.0375 0.154297
0 0.504687 0.462891 0.028125 0.09375
0 0.55625 0.459961 0.025 0.095703
0 0.5403274 0.457607 0.01875 0.07226563
2 0.8242189 0.463867 0.198437 0.119141
2 0.861719 0.509766 0.270313 0.199219
2 0.9125 0.552734 0.171875 0.210938
2 0.34375 0.567383 0.325 0.306641
2 0.170313 0.467773 0.15 0.123047
2 0.146875 0.498047 0.1 0.128906
2 0.058594 0.493164 0.117188 0.306641
