0 0.608594 0.461914 0.029687 0.119141
0 0.8039061 0.44043 0.023438 0.115234
0 0.828125 0.482422 0.028125 0.179688
0 0.853906 0.457031 0.032813 0.203125
0 0.8835939 0.459961 0.035937 0.201172
0 0.678906 0.449219 0.029687 0.078125
0 0.9375 0.457031 0.0375 0.21875
0 0.923438 0.459961 0.034375 0.201172
0 0.04542824 0.467604 0.01753472 0.0761719
0 0.00708912 0.4601894 0.01261574 0.05989584
0 0.1966146 0.461817 0.01030091 0.05013022
0 0.2045718 0.45603 0.009432864 0.04072627
0 0.2242477 0.4612744 0.01059029 0.04108799
0 0.08072916 0.4665189 0.01174769 0.07689524
0 0.09519676 0.4542215 0.0129051 0.04651332
0 0.1154719 0.4460213 0.009062504 0.03398439
0 0.1335969 0.455201 0.0109375 0.04062501
0 0.1628157 0.4634041 0.013125 0.0390625
0 0.0625 0.4493682 0.01122159 0.03133878
0 0.7659427 0.4310975 0.01308594 0.03955078
2 0.521094 0.481445 0.067187 0.099609
2 0.423438 0.479492 0.1625 0.189453
2 0.258594 0.482422 0.070312 0.070312
2 0.2986607 0.4650013 0.04129465 0.06501117
2 0.5299107 0.4429589 0.04397321 0.04101563
