0 0.060937 0.445312 0.025 0.082031
0 0.152344 0.449219 0.023438 0.078125
0 0.105239 0.4509221 0.01099878 0.06544885
0 0.1144301 0.4547517 0.01038603 0.06008732
0 0.571481 0.4721006 0.01446314 0.05313501
0 0.4787326 0.4543221 0.01005611 0.03961337
1 0.977344 0.53418 0.042188 0.107422
2 0.772656 0.511719 0.201563 0.128906
2 0.014844 0.513672 0.029687 0.140625
2 0.274219 0.447266 0.035937 0.039062
2 0.430469 0.458008 0.035937 0.033203
2 0.4093456 0.4524539 0.01773896 0.02408856
2 0.3895846 0.4507306 0.02172182 0.02600336
2 0.3698236 0.4484328 0.015288 0.01910996
2 0.351288 0.4446031 0.01069241 0.01374847
2 0.3370417 0.4438372 0.01344976 0.01451442
