0 0.760938 0.485352 0.05625 0.119141
0 0.802344 0.469727 0.023438 0.107422
0 0.81875 0.46582 0.03125 0.107422
0 0.85625 0.466797 0.034375 0.113281
0 0.885938 0.46582 0.025 0.119141
0 0.574219 0.463867 0.023438 0.056641
0 0.1229659 0.4610781 0.01241777 0.03094161
0 0.1357126 0.4593648 0.01104715 0.029571
0 0.1527082 0.4610781 0.01049891 0.02820039
0 0.6860421 0.448066 0.01360297 0.02447152
0 0.5115814 0.4560782 0.005989599 0.0159505
0 0.502597 0.4557527 0.007291651 0.01660156
0 0.5464526 0.4622469 0.008854151 0.02604169
2 0.426563 0.46875 0.05 0.058594
2 0.274219 0.480469 0.085938 0.09375
2 0.369531 0.470703 0.029687 0.03125
2 0.401562 0.469727 0.021875 0.044922
2 0.3869485 0.4689377 0.015288 0.02600336
