0 0.429688 0.475586 0.028125 0.130859
0 0.445312 0.484375 0.028125 0.121094
0 0.567969 0.481445 0.035937 0.126953
0 0.692969 0.458984 0.032813 0.097656
0 0.782813 0.474609 0.034375 0.125
0 0.871875 0.466797 0.040625 0.132812
0 0.908594 0.462891 0.035937 0.140625
0 0.550781 0.483398 0.023438 0.123047
0 0.7228827 0.4602939 0.0296875 0.09623098
0 0.4899858 0.4579185 0.01068411 0.02813557
0 0.01710304 0.4431381 0.01828547 0.04186022
0 0.04497466 0.4439299 0.01575169 0.02549618
0 0.06503378 0.4465693 0.01110642 0.01916176
0 0.07685811 0.4460414 0.0136402 0.02549621
0 0.6294981 0.439056 0.008380699 0.03355825
1 0.4891412 0.4695317 0.007305718 0.01652238
2 0.188281 0.479492 0.095312 0.087891
2 0.26875 0.474609 0.0625 0.070312
2 0.317969 0.469727 0.045312 0.044922
2 0.374219 0.460938 0.035937 0.027344
2 0.4125 0.46582 0.034375 0.037109
