0 0.091406 0.50293 0.057813 0.169922
0 0.01519097 0.5081146 0.02881945 0.1593606
0 0.326562 0.46875 0.034375 0.082031
0 0.3158658 0.4648876 0.01569498 0.07966998
0 0.6747437 0.4237414 0.01173539 0.01840925
2 0.503906 0.459961 0.045312 0.052734
2 0.147656 0.477539 0.095312 0.107422
2 0.0382815 0.475586 0.076563 0.103516
2 0.24375 0.46875 0.059375 0.054688
2 0.449219 0.458008 0.023438 0.033203
2 0.4679995 0.4568856 0.01183038 0.0127587
2 0.4792617 0.4571393 0.008786535 0.01580256
2 0.4301735 0.4551221 0.01470022 0.01877391
