0 0.640625 0.513672 0.090625 0.222656
0 0.713281 0.50293 0.085938 0.259766
0 0.521094 0.46582 0.035937 0.123047
0 0.609375 0.43457 0.034375 0.056641
0 0.578125 0.441406 0.03125 0.074219
0 0.557813 0.469727 0.034375 0.126953
0 0.528906 0.475586 0.026562 0.119141
0 0.500781 0.443359 0.023438 0.070312
0 0.4625 0.446289 0.03125 0.076172
2 0.8679689 0.50293 0.260937 0.244141
2 0.935156 0.555664 0.126562 0.232422
2 0.189844 0.428711 0.085938 0.068359
2 0.089063 0.472656 0.171875 0.238281
2 0.039844 0.5 0.079687 0.257812
2 0.314063 0.554688 0.3125 0.300781
2 0.7112588 0.4882636 0.1428504 0.1696851
2 0.4306345 0.4468337 0.02826705 0.05131394
2 0.176145 0.4714578 0.03836806 0.05826819
