0 0.832812 0.479492 0.03125 0.107422
0 0.791406 0.479492 0.042188 0.166016
0 0.689063 0.46875 0.03125 0.09375
0 0.660937 0.470703 0.021875 0.082031
0 0.6366445 0.4553078 0.01442585 0.06254542
0 0.6148422 0.4537181 0.01297235 0.03483832
0 0.5983088 0.4539452 0.01115551 0.03529254
0 0.5732361 0.4478133 0.01115551 0.03211302
0 0.4542938 0.4675542 0.009143496 0.02372685
1 0.4557405 0.4803942 0.006828737 0.01830149
2 0.085156 0.501953 0.145313 0.109375
2 0.222656 0.485352 0.082812 0.083984
2 0.282031 0.483398 0.051562 0.052734
2 0.3550461 0.4726179 0.01666667 0.0222801
2 0.3670542 0.4733413 0.01059027 0.0150463
2 0.3961341 0.4755114 0.02129631 0.02806711
2 0.3231736 0.4748479 0.02922108 0.03448579
