0 0.034375 0.507812 0.03125 0.109375
0 0.757812 0.500977 0.03125 0.115234
0 0.8125 0.503906 0.025 0.121094
0 0.846875 0.496094 0.025 0.09375
0 0.867188 0.495117 0.03125 0.123047
0 0.7951418 0.5039341 0.02237368 0.1235455
0 0.5688183 0.4784607 0.01170402 0.03121316
0 0.2788915 0.4616933 0.006692219 0.01241893
0 0.3110259 0.4642729 0.00846107 0.01241893
0 0.2843673 0.4625572 0.006634212 0.01117444
0 0.3024257 0.469121 0.008427238 0.01789832
2 0.482812 0.489258 0.11875 0.103516
2 0.272656 0.489258 0.070312 0.052734
2 0.325 0.484375 0.046875 0.042969
2 0.363281 0.477539 0.035937 0.041016
2 0.4126033 0.4727449 0.009022188 0.01253781
2 0.4220959 0.4717999 0.008518124 0.01316783
2 0.3814899 0.4761964 0.01489582 0.02591145
