0 0.172656 0.464844 0.032813 0.09375
0 0.33125 0.460938 0.028125 0.074219
0 0.355469 0.480469 0.026562 0.070312
0 0.396094 0.460938 0.032813 0.121094
0 0.507812 0.464844 0.034375 0.058594
0 0.534375 0.481445 0.05 0.099609
0 0.596875 0.485352 0.05 0.087891
0 0.739844 0.481445 0.051562 0.158203
0 0.810156 0.495117 0.051562 0.162109
0 0.845313 0.489258 0.040625 0.181641
0 0.901563 0.50293 0.05 0.107422
0 0.474219 0.460938 0.048438 0.128906
0 0.3813182 0.4593867 0.0136513 0.06537831
0 0.4148297 0.4614426 0.01570721 0.06126645
0 0.3163511 0.4570738 0.01611841 0.07719985
0 0.249328 0.4668394 0.01118422 0.04533306
0 0.2382261 0.4568169 0.01200659 0.07154605
0 0.2254794 0.4601577 0.01200657 0.06383637
0 0.2098544 0.4673534 0.01447368 0.05355674
0 0.04095644 0.4328905 0.0140625 0.03829306
0 0.0563447 0.4402887 0.01737689 0.05072206
0 0.9264777 0.4854267 0.02336311 0.0701265
