0 0.078906 0.491211 0.057813 0.185547
0 0.767188 0.509766 0.03125 0.078125
0 0.695312 0.478516 0.021875 0.097656
0 0.721875 0.46875 0.046875 0.179688
0 0.591406 0.46875 0.023438 0.066406
0 0.567187 0.46875 0.021875 0.066406
0 0.5029107 0.4716103 0.01125803 0.0466246
0 0.5209396 0.4716103 0.01125798 0.05563903
0 0.5351623 0.4698575 0.0124599 0.06014621
0 0.5547938 0.4693567 0.0140625 0.06515425
2 0.446875 0.477539 0.046875 0.041016
2 0.39375 0.476562 0.040625 0.042969
2 0.4161444 0.4760351 0.01796875 0.02771935
