0 0.439844 0.493164 0.026562 0.068359
0 0.473438 0.507812 0.03125 0.078125
0 0.515625 0.480469 0.03125 0.09375
0 0.565625 0.486328 0.04375 0.128906
0 0.90625 0.569336 0.1125 0.263672
0 0.4966076 0.4687766 0.013589 0.06315103
0 0.1680011 0.4686549 0.01108631 0.04920015
0 0.1763716 0.4709801 0.008482146 0.05292037
0 0.1893924 0.4688874 0.01220238 0.05617562
0 0.198879 0.469585 0.01257441 0.06687129
0 0.2126439 0.4730727 0.01183035 0.05989584
0 0.2332912 0.4628421 0.009226179 0.05710566
0 0.2438939 0.4572617 0.01183035 0.03664434
2 0.045312 0.490234 0.0875 0.164062
2 0.326562 0.542969 0.2375 0.226562
