0 0.296094 0.470703 0.032813 0.074219
0 0.8117189 0.458008 0.029687 0.083984
0 0.778125 0.455078 0.03125 0.082031
0 0.75625 0.452148 0.028125 0.076172
0 0.110937 0.455078 0.021875 0.046875
0 0.159375 0.444336 0.021875 0.037109
0 0.2113204 0.4578229 0.0119179 0.03787532
0 0.6766753 0.4581499 0.02274304 0.08268228
0 0.6614844 0.4331933 0.01493053 0.03168404
0 0.4876586 0.4572127 0.01480656 0.04222471
0 0.5053297 0.4581427 0.01369047 0.04222471
0 0.04454291 0.4581462 0.02222481 0.04935285
0 0.07835821 0.452899 0.01429571 0.05984724
0 0.1422194 0.4578843 0.01310587 0.05185744
1 0.282031 0.496094 0.029687 0.046875
1 0.320312 0.491211 0.028125 0.037109
2 0.434375 0.461914 0.040625 0.052734
2 0.464844 0.461914 0.029687 0.033203
2 0.3926124 0.4587591 0.02175839 0.02311683
2 0.4026404 0.4519085 0.01569498 0.02165928
