0 0.745313 0.461914 0.025 0.095703
0 0.725781 0.460938 0.023438 0.09375
0 0.903125 0.462891 0.03125 0.101562
0 0.8367189 0.460938 0.029687 0.097656
0 0.8679689 0.460938 0.029687 0.105469
0 0.4778948 0.4618405 0.02314682 0.05936593
0 0.5222262 0.4588881 0.01369915 0.05073583
0 0.5046027 0.4561628 0.01042876 0.04074311
0 0.01227679 0.4560516 0.01725128 0.06979433
0 0.04097577 0.4570481 0.01725127 0.06780133
0 0.118463 0.4608347 0.01023597 0.0570392
0 0.1352041 0.4426986 0.01183037 0.02634725
0 0.2007334 0.4626284 0.01214924 0.04946589
0 0.2126116 0.4622247 0.008482146 0.04861885
1 0.4773498 0.488185 0.01478925 0.04392257
2 0.44375 0.462891 0.046875 0.042969
2 0.390625 0.458984 0.028125 0.027344
2 0.4105088 0.4542198 0.01671081 0.0225437
