0 0.028906 0.484375 0.051562 0.144531
0 0.864062 0.478516 0.03125 0.128906
0 0.908594 0.479492 0.035937 0.134766
0 0.255469 0.472656 0.029687 0.042969
0 0.10625 0.461914 0.025 0.033203
0 0.1287139 0.4762299 0.007738101 0.04501489
0 0.1365264 0.4846004 0.01294643 0.03664434
0 0.1685205 0.47809 0.01071428 0.04873511
0 0.1796812 0.4839029 0.009970236 0.03803945
0 0.2044208 0.4553035 0.01108631 0.01432294
0 0.2189297 0.4566987 0.009598208 0.01153275
0 0.1543836 0.4769274 0.00773809 0.03896952
1 0.028906 0.530273 0.054688 0.068359
1 0.255469 0.501953 0.029687 0.046875
2 0.208594 0.491211 0.067187 0.068359
2 0.319531 0.479492 0.095312 0.091797
2 0.385937 0.481445 0.0375 0.048828
2 0.479687 0.49707 0.11875 0.123047
2 0.388281 0.46582 0.039062 0.037109
