0 0.035937 0.503906 0.034375 0.113281
0 0.759375 0.496094 0.03125 0.109375
0 0.8601561 0.49707 0.023438 0.103516
0 0.8835939 0.493164 0.026562 0.123047
0 0.7992235 0.5038252 0.02013888 0.1239149
0 0.8115934 0.5011125 0.01796875 0.1217448
0 0.3022666 0.4706762 0.008765888 0.01559192
0 0.3121977 0.4663727 0.01061969 0.01426774
0 0.2782197 0.4623972 0.006121921 0.01149461
0 0.2841111 0.4625572 0.005609632 0.01053405
2 0.589844 0.501953 0.248438 0.136719
2 0.363281 0.475586 0.032813 0.033203
2 0.325781 0.484375 0.045312 0.042969
2 0.273438 0.488281 0.059375 0.050781
2 0.4122711 0.4725944 0.01015625 0.01502046
2 0.4207346 0.4717806 0.00848217 0.01246279
2 0.4491014 0.4722456 0.02020092 0.0185082
2 0.3822191 0.4745038 0.01343749 0.02460936
