0 0.55625 0.459961 0.025 0.087891
0 0.515625 0.473633 0.028125 0.087891
0 0.007606909 0.4702403 0.01365132 0.07103211
0 0.4399036 0.4514114 0.01188231 0.04619369
0 0.4482611 0.4425541 0.008248568 0.02938771
0 0.6819094 0.4096236 0.01188226 0.04165152
0 0.704075 0.4062169 0.00752182 0.03211302
0 0.7140678 0.4064441 0.009338665 0.0316588
0 0.6049652 0.4211813 0.0078125 0.01584202
0 0.6238889 0.4192282 0.009548617 0.01453993
2 0.701562 0.447266 0.05625 0.058594
2 0.639844 0.456055 0.032813 0.060547
2 0.366406 0.460938 0.098437 0.070312
2 0.275 0.43457 0.0375 0.041016
2 0.246094 0.449219 0.032813 0.027344
2 0.4090278 0.4509122 0.02621527 0.05099827
