0 0.049219 0.506836 0.098437 0.322266
0 0.753125 0.435547 0.021875 0.046875
0 0.1521703 0.4525049 0.0109375 0.04882813
0 0.1795141 0.4327295 0.0078125 0.02978516
0 0.1912328 0.4359033 0.0109375 0.03320313
0 0.2136938 0.4363916 0.01445313 0.02734375
0 0.1324438 0.4539697 0.01523438 0.04589844
0 0.66216 0.4364715 0.01005611 0.04512218
0 0.7144437 0.4372227 0.01045675 0.04361978
0 0.7204533 0.4379739 0.007251597 0.04111576
0 0.1686173 0.4329208 0.0153294 0.04397172
2 0.567187 0.481445 0.121875 0.115234
2 0.623437 0.460938 0.04375 0.085938
2 0.452798 0.4364653 0.01733289 0.02802506
