0 0.682813 0.544922 0.103125 0.257812
0 0.896875 0.470703 0.04375 0.160156
0 0.930469 0.473633 0.042188 0.162109
0 0.9804689 0.466797 0.035937 0.171875
0 0.540625 0.458008 0.021875 0.056641
0 0.011719 0.46875 0.023438 0.046875
0 0.5614681 0.4654329 0.009548617 0.04535592
0 0.150071 0.4712773 0.01005609 0.03310296
0 0.7166 0.4678697 0.03798828 0.1958008
0 0.6413352 0.4457958 0.0140625 0.04835466
1 0.6780428 0.6014563 0.1300165 0.2241982
2 0.355469 0.625977 0.501563 0.466797
2 0.84375 0.455078 0.06875 0.074219
2 0.773438 0.469727 0.040625 0.056641
2 0.1748971 0.4725369 0.03367686 0.04791391
