0 0.755469 0.458984 0.035937 0.109375
0 0.614062 0.454102 0.028125 0.064453
0 0.9835939 0.430664 0.026562 0.099609
0 0.939063 0.439453 0.03125 0.132812
0 0.6418115 0.4666551 0.01445313 0.07666016
0 0.6644677 0.4463914 0.01992187 0.03125
0 0.4650536 0.4564012 0.01015625 0.02587891
0 0.586538 0.4571336 0.0125 0.04394531
0 0.6920068 0.4332078 0.01328125 0.046875
0 0.5049658 0.4528387 0.0125 0.02636719
1 0.7625 0.509766 0.046875 0.125
1 0.4658349 0.4749559 0.00703125 0.02587891
2 0.280469 0.473633 0.054688 0.060547
2 0.136719 0.489258 0.120313 0.103516
2 0.020313 0.493164 0.040625 0.154297
2 0.352344 0.46875 0.029687 0.03125
2 0.407813 0.464844 0.028125 0.03125
2 0.3632043 0.4644147 0.01378348 0.01932198
