0 0.639844 0.500977 0.032813 0.150391
0 0.607812 0.503906 0.034375 0.140625
0 0.538281 0.49707 0.042188 0.130859
0 0.425781 0.509766 0.051562 0.101562
0 0.367188 0.498047 0.0375 0.085938
0 0.340625 0.507812 0.03125 0.109375
0 0.307031 0.498047 0.039062 0.085938
0 0.253125 0.490234 0.04375 0.136719
0 0.183594 0.489258 0.042188 0.154297
0 0.040625 0.480469 0.0375 0.078125
0 0.695625 0.4944653 0.02156253 0.1425782
0 0.08236415 0.4853117 0.01302084 0.04752603
0 0.09590582 0.4784758 0.0109375 0.0625
0 0.1097079 0.4739185 0.01458334 0.06770834
0 0.2201246 0.4761972 0.01875 0.05013019
0 0.2808016 0.4726164 0.01614583 0.0625
0 0.5115318 0.4757329 0.02113094 0.06408107
0 0.5554306 0.4661998 0.01592259 0.06547618
