0 0.59375 0.454102 0.021875 0.064453
0 0.6131252 0.4552634 0.01224566 0.06027436
0 0.6205744 0.4520839 0.00752182 0.06390807
0 0.6291136 0.4541278 0.0129724 0.06436226
0 0.6401964 0.4527652 0.01115556 0.05891171
0 0.6496441 0.4541278 0.01115556 0.06436226
0 0.65782 0.4539007 0.01006536 0.06663334
0 0.6690845 0.4534465 0.0151526 0.06663334
0 0.676352 0.4548091 0.01224566 0.06299964
0 0.5248258 0.4407285 0.008611917 0.02575397
0 0.7898186 0.4495876 0.0137228 0.06937841
2 0.113281 0.504883 0.223438 0.208984
2 0.324219 0.472656 0.070312 0.070312
2 0.414062 0.492188 0.125 0.132812
