0 0.685937 0.462891 0.046875 0.152344
0 0.854688 0.449219 0.021875 0.089844
0 0.032031 0.452148 0.032813 0.044922
0 0.0109375 0.472656 0.021875 0.085938
0 0.2027951 0.4601278 0.008453536 0.03109974
0 0.2094056 0.4543686 0.006450319 0.02859575
0 0.2158159 0.4553702 0.006450319 0.02158451
0 0.08558748 0.4512996 0.01232638 0.04361978
0 0.1007784 0.4483157 0.01145833 0.02571616
2 0.257031 0.475586 0.095312 0.091797
2 0.136719 0.501953 0.157812 0.113281
2 0.435937 0.500977 0.278125 0.291016
2 0.5627297 0.4438518 0.03382354 0.03825828
2 0.5611213 0.4719997 0.02509193 0.07732075
