0 0.619531 0.488281 0.045312 0.121094
0 0.590625 0.478516 0.0375 0.128906
0 0.6625 0.429688 0.03125 0.039062
0 0.741406 0.47168 0.029687 0.123047
0 0.777344 0.466797 0.032813 0.125
0 0.84375 0.467773 0.034375 0.138672
0 0.8742191 0.472656 0.023438 0.132812
0 0.899219 0.466797 0.032813 0.136719
0 0.007431403 0.451032 0.00948933 0.03472751
0 0.015625 0.4538902 0.01215701 0.03472754
0 0.4853234 0.458592 0.01299715 0.02201706
0 0.7096946 0.4654723 0.0144176 0.09881037
0 0.7242543 0.4372851 0.01015625 0.03622159
0 0.5591231 0.4622078 0.009279346 0.03910238
1 0.01886433 0.4889035 0.03616616 0.03996763
1 0.4856785 0.4705771 0.00518465 0.01491478
2 0.190625 0.480469 0.096875 0.09375
2 0.254688 0.477539 0.053125 0.068359
2 0.411719 0.463867 0.032813 0.037109
2 0.292187 0.467773 0.021875 0.056641
2 0.371875 0.466797 0.03125 0.027344
2 0.3862553 0.4631454 0.01512182 0.02552307
2 0.3967161 0.4628144 0.007971406 0.01691604
