0 0.890625 0.472656 0.046875 0.140625
0 0.175781 0.46875 0.035937 0.078125
0 0.139063 0.469727 0.0375 0.091797
0 0.221875 0.476562 0.025 0.078125
0 0.917969 0.469727 0.023438 0.130859
0 0.802344 0.475586 0.023438 0.083984
0 0.79375 0.444336 0.021875 0.044922
0 0.78125 0.469727 0.028125 0.087891
0 0.2518034 0.4811619 0.01788902 0.06501114
0 0.2026963 0.471197 0.01214923 0.04667568
0 0.1177154 0.4606342 0.01246811 0.04149392
0 0.579312 0.4592563 0.01257443 0.04951018
0 0.6188706 0.455071 0.01034226 0.02315846
1 0.180469 0.512695 0.026562 0.056641
1 0.142187 0.513672 0.03125 0.066406
1 0.2192298 0.50349 0.01101372 0.03806213
1 0.2514326 0.4977735 0.007583833 0.02758196
2 0.450781 0.477539 0.123438 0.138672
2 0.314063 0.488281 0.06875 0.070312
2 0.0703125 0.59375 0.140625 0.261719
2 0.3581586 0.4748601 0.03687501 0.0546875
2 0.3784712 0.4746648 0.01687498 0.04023439
