0 0.125781 0.467773 0.032813 0.076172
0 0.01875 0.46875 0.0375 0.128906
0 0.86875 0.444336 0.021875 0.033203
0 0.055469 0.46582 0.023438 0.056641
0 0.6146764 0.4451755 0.01796875 0.04338729
0 0.6729911 0.4444779 0.01964288 0.04478237
0 0.7940848 0.4455242 0.02075887 0.046875
0 0.07183272 0.4649955 0.01321791 0.04080448
0 0.648281 0.4547458 0.01614585 0.03580728
0 0.1538939 0.4633175 0.0157366 0.0357143
1 0.125 0.521484 0.0375 0.0625
1 0.017969 0.53418 0.035937 0.099609
2 0.217188 0.505859 0.14375 0.125
2 0.319531 0.475586 0.070312 0.064453
2 0.45 0.478516 0.125 0.136719
2 0.360156 0.474609 0.026562 0.039062
