0 0.051562 0.563477 0.090625 0.283203
0 0.107031 0.537109 0.048438 0.183594
0 0.157031 0.529297 0.057813 0.195312
0 0.551562 0.513672 0.059375 0.195312
0 0.595313 0.532227 0.053125 0.197266
0 0.478125 0.464844 0.021875 0.066406
0 0.4324453 0.4493688 0.01472735 0.02713597
0 0.3044533 0.4474988 0.01073802 0.02588931
0 0.4553842 0.45581 0.0140625 0.03503156
0 0.489063 0.469727 0.028125 0.087891
2 0.203125 0.473633 0.090625 0.103516
2 0.258594 0.461914 0.067187 0.095703
2 0.373437 0.583008 0.2625 0.255859
2 0.71875 0.522461 0.2 0.146484
2 0.833594 0.521484 0.329688 0.246094
2 0.925 0.582031 0.146875 0.238281
2 0.3636853 0.44653 0.07171335 0.02363956
