0 0.93125 0.467773 0.0375 0.107422
0 0.897656 0.46582 0.035937 0.119141
0 0.8710939 0.466797 0.029687 0.097656
0 0.767969 0.461914 0.029687 0.099609
0 0.742969 0.460938 0.026562 0.101562
0 0.4922377 0.4616618 0.03027716 0.05000737
0 0.5059463 0.4590822 0.01347289 0.04632223
0 0.5251091 0.460372 0.01229367 0.05111289
0 0.007352942 0.4562337 0.01314338 0.0646829
0 0.0278799 0.4633185 0.01314338 0.05587471
0 0.03967524 0.4585314 0.01222426 0.07310817
0 0.05147059 0.4531699 0.01436887 0.06391698
0 0.10769 0.4606377 0.009773279 0.05740657
0 0.1213235 0.4612122 0.01436887 0.05625767
0 0.2117034 0.463893 0.01314337 0.05166206
1 0.4944488 0.4859837 0.01111441 0.03747788
2 0.448437 0.466797 0.046875 0.054688
2 0.415625 0.455078 0.028125 0.027344
2 0.389844 0.462891 0.029687 0.03125
2 0.476023 0.4629516 0.02438092 0.04300559
