0 0.771875 0.457031 0.040625 0.113281
0 0.7375 0.460938 0.025 0.125
0 0.5596736 0.450232 0.02412605 0.06756487
0 0.5334554 0.4633079 0.01512184 0.05333024
0 0.4577138 0.4599976 0.01300316 0.0321438
0 0.5700645 0.4365802 0.01493053 0.03439671
0 0.5843874 0.4360377 0.0140625 0.03982204
1 0.963281 0.539062 0.070312 0.171875
1 0.4575814 0.472577 0.007441712 0.02419889
1 0.5545298 0.4866375 0.01227679 0.02818081
2 0.29375 0.46875 0.046875 0.046875
2 0.325781 0.460938 0.026562 0.039062
2 0.413281 0.461914 0.023438 0.029297
