0 0.01875 0.476562 0.021875 0.085938
0 0.9477164 0.4470789 0.01806889 0.08268228
0 0.9320914 0.4245428 0.01085739 0.02659255
0 0.3147035 0.4708669 0.01806891 0.04512221
0 0.4959278 0.4557573 0.008266163 0.0267137
0 0.5007161 0.4488268 0.007762098 0.01726308
0 0.5155801 0.4609734 0.006935311 0.03059897
0 0.5251744 0.4657705 0.009128285 0.03471079
2 0.270313 0.483398 0.0625 0.052734
2 0.474219 0.458984 0.029687 0.03125
2 0.623437 0.478516 0.13125 0.148438
2 0.7 0.514648 0.190625 0.162109
2 0.379688 0.44043 0.025 0.029297
2 0.3725659 0.4579624 0.02011089 0.02041331
2 0.4364362 0.4432838 0.01232638 0.01721644
2 0.4048968 0.4449114 0.01174769 0.01323786
