0 0.3625 0.463867 0.021875 0.052734
0 0.325781 0.464844 0.023438 0.050781
0 0.6125 0.464844 0.021875 0.078125
0 0.3904356 0.4621565 0.01638961 0.0499917
0 0.3465526 0.4667277 0.01240027 0.04749835
0 0.5317255 0.4573776 0.01240029 0.05456284
0 0.5692919 0.4611177 0.02569814 0.06869182
0 0.595389 0.4663121 0.02004652 0.08240527
0 0.141098 0.4509482 0.01178977 0.02645597
0 0.1545924 0.4605363 0.01548295 0.04634231
0 0.1709276 0.4566301 0.01235795 0.03924006
0 0.1243367 0.4559198 0.01747159 0.04350141
0 0.09152417 0.4703019 0.01889204 0.06587359
0 0.3065349 0.4593797 0.01009424 0.03524926
0 0.2936381 0.4559695 0.009598231 0.02346852
2 0.496875 0.480469 0.034375 0.054688
2 0.448437 0.46582 0.065625 0.072266
2 0.5080248 0.4458289 0.02447915 0.02527225
2 0.3515393 0.4667277 0.02636304 0.03503159
2 0.370655 0.4577932 0.01605718 0.03046045
