0 0.167969 0.476562 0.029687 0.082031
0 0.480469 0.459961 0.023438 0.044922
0 0.757031 0.458008 0.029687 0.068359
0 0.728125 0.452148 0.025 0.072266
0 0.071094 0.445312 0.023438 0.035156
0 0.7015725 0.45857 0.01167903 0.0721994
0 0.712563 0.4592321 0.008236265 0.07087526
0 0.6427802 0.4605563 0.01750531 0.06756487
0 0.4993745 0.4612183 0.01300321 0.04108185
0 0.09553222 0.4580712 0.01137695 0.05511475
0 0.1382568 0.4602075 0.01235352 0.04229736
0 0.625123 0.4409025 0.0137228 0.02691916
0 0.1219535 0.4614381 0.01171875 0.03613281
1 0.142187 0.5 0.03125 0.046875
1 0.188281 0.5 0.032813 0.039062
2 0.428906 0.462891 0.042188 0.042969
2 0.3899105 0.4629744 0.02016602 0.01849365
2 0.3988217 0.4567183 0.01406252 0.01818848
2 0.4615658 0.4661787 0.02919922 0.03710938
