0 0.960156 0.467773 0.035937 0.123047
0 0.9257811 0.46582 0.032813 0.119141
0 0.896875 0.467773 0.028125 0.115234
0 0.875 0.46582 0.025 0.115234
0 0.765625 0.454102 0.025 0.099609
0 0.7909249 0.4553945 0.0157517 0.08989656
0 0.4693154 0.4529625 0.01573663 0.03222656
0 0.005161831 0.4569734 0.00876116 0.07512558
0 0.03306362 0.4574966 0.01936384 0.0671038
0 0.04701451 0.4493004 0.01601563 0.06047714
0 0.09612165 0.4655183 0.0109933 0.06222099
0 0.108817 0.467611 0.01517857 0.07198659
0 0.1967076 0.4597636 0.01015624 0.04373604
0 0.2046596 0.4641232 0.01378348 0.05664063
0 0.5045502 0.4567305 0.009179687 0.03833008
0 0.5284759 0.4603926 0.01064453 0.04931641
0 0.5192539 0.4583871 0.007939195 0.04027659
1 0.4694549 0.4803411 0.0104353 0.03118023
2 0.386719 0.463867 0.029687 0.029297
2 0.445312 0.464844 0.04375 0.050781
2 0.484375 0.462891 0.028125 0.03125
2 0.4190922 0.4578453 0.02131696 0.02525112
