0 0.8 0.466797 0.021875 0.117188
0 0.857031 0.464844 0.032813 0.117188
0 0.882031 0.462891 0.026562 0.121094
0 0.8141031 0.4672982 0.01606569 0.11874
0 0.2854372 0.4830441 0.04226372 0.1214272
0 0.3111612 0.4775658 0.05102894 0.1161871
0 0.567287 0.4669685 0.00843749 0.03476563
0 0.6770267 0.4489655 0.01087961 0.02119502
2 0.427344 0.469727 0.057813 0.068359
2 0.123438 0.479492 0.246875 0.201172
2 0.267188 0.466797 0.05625 0.074219
2 0.3854518 0.4653863 0.021875 0.02631578
2 0.3995904 0.468426 0.01862981 0.03740987
