0 0.035937 0.50293 0.034375 0.107422
0 0.761719 0.501953 0.026562 0.117188
0 0.870313 0.496094 0.03125 0.121094
0 0.853906 0.504883 0.023438 0.103516
0 0.8117189 0.501953 0.026562 0.125
0 0.796094 0.499023 0.026562 0.119141
0 0.2761677 0.463479 0.006142974 0.01222709
0 0.283338 0.4636127 0.005928946 0.01195952
0 0.309237 0.4689638 0.008069349 0.01945099
0 0.3004614 0.46883 0.006357026 0.01490262
0 0.5650031 0.4769505 0.0109375 0.03537327
0 0.5736836 0.4780356 0.006076383 0.03233504
2 0.514844 0.489258 0.045312 0.044922
2 0.272656 0.487305 0.057813 0.044922
2 0.440625 0.481445 0.08125 0.091797
2 0.3625316 0.4781496 0.02989583 0.03242186
2 0.3812816 0.4751548 0.01322918 0.02643228
2 0.3216524 0.4845411 0.02800481 0.03320313
2 0.3435274 0.482588 0.01550481 0.03170073
