0 0.552344 0.46875 0.023438 0.089844
0 0.596094 0.477539 0.051562 0.150391
0 0.1181641 0.4644359 0.01341145 0.05867514
0 0.1333008 0.4615875 0.009179687 0.03263345
0 0.2646484 0.4560944 0.007552099 0.01350912
0 0.2724609 0.4565013 0.01145835 0.01595053
1 0.584375 0.539062 0.034375 0.078125
1 0.820312 0.524414 0.05625 0.107422
1 0.757031 0.532227 0.057813 0.072266
1 0.5511068 0.515095 0.0140625 0.04768878
2 0.53125 0.472656 0.03125 0.058594
2 0.439844 0.476562 0.054688 0.089844
2 0.397656 0.492188 0.107813 0.113281
2 0.4952799 0.4697256 0.03457031 0.02856445
