0 0.832812 0.541992 0.08125 0.349609
0 0.757812 0.541992 0.06875 0.365234
2 0.017188 0.500977 0.034375 0.177734
2 0.041406 0.477539 0.067187 0.134766
2 0.077344 0.483398 0.085938 0.146484
2 0.140625 0.485352 0.046875 0.083984
2 0.155469 0.441406 0.073438 0.066406
2 0.284375 0.570312 0.325 0.316406
2 0.432031 0.478516 0.048438 0.085938
2 0.453906 0.476562 0.042188 0.085938
2 0.492188 0.476562 0.075 0.101562
2 0.558594 0.483398 0.085938 0.123047
2 0.648438 0.489258 0.159375 0.134766
2 0.95 0.519531 0.0875 0.363281
