0 0.645312 0.46582 0.025 0.087891
0 0.8 0.448242 0.03125 0.095703
0 0.958594 0.413086 0.026562 0.029297
0 0.9382809 0.40918 0.029687 0.037109
0 0.059375 0.452148 0.021875 0.037109
0 0.4616977 0.4651123 0.01266742 0.02978516
0 0.8389423 0.4723032 0.02888622 0.1763321
0 0.8888222 0.4945889 0.02848559 0.2008714
0 0.9090545 0.4592824 0.02247601 0.1452825
0 0.7644231 0.4547752 0.01125803 0.06815904
0 0.533753 0.4520016 0.01440973 0.04231772
0 0.025 0.4658904 0.01510417 0.05707467
0 0.01354167 0.4626352 0.007465278 0.04709202
0 0.003125 0.4546057 0.0046875 0.03363714
0 0.5436283 0.4449798 0.01155133 0.02385601
1 0.4625347 0.477145 0.005971002 0.02106586
2 0.105469 0.485352 0.135937 0.119141
2 0.320312 0.46582 0.040625 0.037109
2 0.414062 0.463867 0.028125 0.029297
2 0.3418595 0.4659842 0.01852679 0.02873886
