0 0.038281 0.487305 0.029687 0.107422
0 0.3788589 0.4838853 0.008380699 0.01890981
0 0.3904 0.4925411 0.01086648 0.03977272
0 0.006123311 0.4765669 0.01068412 0.08567357
0 0.09699948 0.4637091 0.021875 0.04731891
1 0.009923986 0.5214359 0.01828547 0.04449961
1 0.04233181 0.5218441 0.02552084 0.04622397
2 0.149219 0.495117 0.151562 0.091797
2 0.267969 0.50293 0.107813 0.099609
2 0.504687 0.493164 0.040625 0.060547
2 0.453906 0.513672 0.110937 0.105469
2 0.340625 0.487305 0.05 0.060547
2 0.5546401 0.5003093 0.0232955 0.03311434
2 0.5299597 0.501641 0.0137074 0.03932884
