0 0.642969 0.463867 0.035937 0.126953
0 0.810156 0.444336 0.023438 0.068359
0 0.867188 0.452148 0.034375 0.103516
0 0.9625 0.486328 0.028125 0.226562
0 0.942187 0.410156 0.028125 0.101562
0 0.1879949 0.4634106 0.01077303 0.05150083
0 0.1729866 0.4644386 0.01447369 0.0515008
0 0.02569901 0.4739472 0.01776316 0.0797697
0 0.04856419 0.4723953 0.01870777 0.07458827
0 0.0625 0.4602543 0.0144848 0.05664063
0 0.1990858 0.4638256 0.01049107 0.04436383
0 0.2234161 0.4498748 0.009151792 0.01422992
2 0.25 0.488281 0.071875 0.070312
2 0.296094 0.46875 0.051562 0.066406
2 0.436719 0.496094 0.210938 0.242188
2 0.555469 0.491211 0.057813 0.103516
2 0.5436819 0.4426688 0.04852943 0.03079045
