0 0.803125 0.454102 0.025 0.107422
0 0.757031 0.460938 0.026562 0.097656
0 0.732031 0.4375 0.032813 0.074219
0 0.671094 0.455078 0.023438 0.0625
0 0.047656 0.469727 0.026562 0.060547
0 0.030469 0.467773 0.023438 0.060547
0 0.653592 0.4571081 0.01224566 0.06617916
0 0.6210702 0.456881 0.02569041 0.07026708
0 0.4931913 0.4548502 0.0090909 0.02112925
0 0.5659896 0.4610647 0.0112216 0.04509944
2 0.136719 0.484375 0.117188 0.109375
2 0.230469 0.479492 0.070312 0.068359
2 0.30625 0.470703 0.046875 0.050781
2 0.403125 0.469727 0.028125 0.029297
2 0.3537622 0.4654893 0.02025862 0.02161905
2 0.365855 0.4658098 0.01015625 0.0179269
