0 0.940625 0.582031 0.115625 0.550781
0 0.834375 0.533203 0.11875 0.460938
0 0.701562 0.470703 0.05 0.207031
0 0.657031 0.453125 0.057813 0.214844
0 0.609375 0.447266 0.053125 0.199219
0 0.497656 0.4375 0.023438 0.105469
0 0.480469 0.425781 0.023438 0.082031
0 0.521875 0.433594 0.028125 0.105469
0 0.4191725 0.4145131 0.01003022 0.03017893
2 0.022656 0.490234 0.045312 0.128906
2 0.0601565 0.462891 0.120313 0.121094
2 0.09375 0.451172 0.15 0.117188
2 0.160156 0.432617 0.154688 0.126953
2 0.33125 0.524414 0.259375 0.263672
2 0.75625 0.511719 0.0875 0.167969
