0 0.6375 0.473633 0.065625 0.208984
0 0.249219 0.47168 0.032813 0.072266
0 0.172656 0.47168 0.029687 0.068359
0 0.132812 0.474609 0.025 0.074219
0 0.101562 0.469727 0.021875 0.072266
0 0.085156 0.463867 0.023438 0.060547
0 0.064062 0.474609 0.025 0.074219
0 0.1941129 0.4644725 0.0155506 0.05571055
0 0.2350355 0.4735406 0.0267113 0.07198662
0 0.02136948 0.4837727 0.021875 0.07732075
2 0.501563 0.460938 0.046875 0.050781
2 0.4376269 0.4553397 0.01699219 0.01330566
2 0.4755908 0.4535086 0.01577148 0.01269531
2 0.8649945 0.4694741 0.02118969 0.04396245
2 0.251088 0.4658123 0.04754462 0.04707432
