0 0.757812 0.466797 0.034375 0.136719
0 0.714063 0.457031 0.021875 0.121094
0 0.689063 0.463867 0.040625 0.134766
0 0.585156 0.498047 0.082812 0.199219
0 0.488281 0.5 0.045312 0.195312
0 0.521094 0.570312 0.023438 0.046875
0 0.375 0.511719 0.103125 0.226562
0 0.210156 0.518555 0.070312 0.185547
0 0.158594 0.503906 0.054688 0.214844
2 0.250781 0.472656 0.060937 0.054688
2 0.515625 0.458984 0.03125 0.046875
2 0.554688 0.481445 0.05 0.068359
2 0.640625 0.457031 0.08125 0.09375
2 0.4430769 0.4578159 0.01244612 0.01690462
2 0.4608571 0.4568057 0.01190729 0.01421067
