0 0.690625 0.479492 0.021875 0.126953
0 0.711719 0.474609 0.026562 0.144531
0 0.066406 0.47168 0.023438 0.083984
0 0.042969 0.462891 0.023438 0.058594
0 0.224219 0.477539 0.023438 0.064453
0 0.195312 0.467773 0.03125 0.064453
0 0.5512833 0.4573311 0.0183239 0.07262075
0 0.6189917 0.465913 0.02400565 0.09688681
0 0.6419557 0.4599944 0.01879735 0.100438
0 0.6727322 0.4215238 0.01595645 0.03059897
0 0.7984424 0.4552596 0.0211648 0.1359494
0 0.7636412 0.4342487 0.0150095 0.03947678
0 0.7496735 0.4407591 0.0164299 0.05368134
0 0.732628 0.4342487 0.0192708 0.05368134
0 0.2602197 0.4704047 0.01440971 0.05577257
0 0.2744558 0.4691026 0.01510417 0.06184897
0 0.2380208 0.4704047 0.0140625 0.05490452
0 0.02204861 0.4660644 0.01822917 0.06271702
1 0.775 0.496094 0.05 0.09375
2 0.498437 0.47168 0.04375 0.060547
2 0.441406 0.469727 0.085938 0.091797
2 0.340625 0.46582 0.034375 0.044922
2 0.320312 0.477539 0.05 0.044922
2 0.5210069 0.4487033 0.03211808 0.03320313
