2 0.505469 0.474609 0.029687 0.03125
2 0.495312 0.466797 0.028125 0.039062
2 0.282031 0.473633 0.035937 0.029297
2 0.157031 0.492188 0.060937 0.046875
2 0.244531 0.479492 0.026562 0.029297
2 0.2026766 0.485006 0.03338816 0.0417352
2 0.2250862 0.4803801 0.01981909 0.03351152
2 0.3113595 0.4767223 0.02725697 0.02799478
2 0.3667325 0.4701441 0.01247351 0.0149298
2 0.3765313 0.469482 0.01141419 0.01559189
2 0.3877866 0.4684889 0.01167903 0.01360568
2 0.4039412 0.4683234 0.01379769 0.01658502
2 0.476902 0.4669992 0.01618114 0.01923332
2 0.3342668 0.4744033 0.01901677 0.01948363
2 0.4635835 0.4667774 0.01220865 0.0149298
2 0.414325 0.4604877 0.009560394 0.01029527
2 0.4394839 0.4618118 0.009560394 0.0129436
