0 0.694531 0.461914 0.029687 0.091797
0 0.615625 0.470703 0.028125 0.085938
0 0.5639117 0.4662032 0.02120538 0.07896203
0 0.5824385 0.4405335 0.01808033 0.03097099
0 0.4680898 0.4566075 0.0125 0.02050781
0 0.6351718 0.4619137 0.01202445 0.08211616
0 0.6460414 0.4667965 0.01474185 0.07235053
0 0.02309783 0.4631875 0.01134511 0.06003737
0 0.03855299 0.4608522 0.007608697 0.046875
0 0.1547834 0.4499882 0.007483554 0.01894873
0 0.1612253 0.4518728 0.00556469 0.01655015
0 0.1682155 0.4624951 0.005838811 0.04122123
0 0.173972 0.4580406 0.006935298 0.03436813
0 0.07538377 0.448275 0.008305919 0.02306059
1 0.4669179 0.4700352 0.00625 0.01611328
2 0.397656 0.46582 0.032813 0.037109
2 0.335938 0.466797 0.034375 0.039062
2 0.298438 0.470703 0.046875 0.050781
2 0.3586471 0.4634517 0.0171875 0.02842882
2 0.3749665 0.4638857 0.0171875 0.02756077
2 0.93875 0.4753848 0.04156246 0.0644531
