0 0.178125 0.501953 0.040625 0.113281
0 0.755469 0.5 0.032813 0.113281
0 0.782813 0.498047 0.028125 0.113281
0 0.8164061 0.472656 0.042188 0.082031
0 0.89375 0.579102 0.203125 0.419922
0 0.2052212 0.4894049 0.006850982 0.02997297
0 0.2151371 0.4783247 0.006850958 0.01156849
0 0.5045759 0.4849319 0.008705378 0.02539063
1 0.04611882 0.5084949 0.02017663 0.03328806
2 0.128906 0.504883 0.101562 0.099609
2 0.430469 0.496094 0.098437 0.09375
2 0.266406 0.499023 0.029687 0.029297
2 0.3223959 0.4959044 0.02864582 0.02973092
2 0.3376736 0.4913471 0.01753473 0.02929688
2 0.3826472 0.490274 0.02354913 0.03501672
