0 0.785156 0.490234 0.051562 0.144531
0 0.7375 0.478516 0.05 0.140625
0 0.673438 0.479492 0.040625 0.138672
0 0.576562 0.478516 0.040625 0.125
0 0.510938 0.476562 0.021875 0.058594
0 0.4875 0.475586 0.021875 0.060547
0 0.46875 0.473633 0.021875 0.056641
0 0.5294115 0.4807667 0.009687519 0.04843748
0 0.539724 0.4768605 0.0109375 0.06796873
0 0.5530053 0.4803761 0.0125 0.06093749
0 0.61875 0.476562 0.04375 0.132812
1 0.882031 0.512695 0.051562 0.115234
2 0.417187 0.486328 0.04375 0.039062
2 0.310937 0.479492 0.096875 0.095703
2 0.385156 0.479492 0.032813 0.033203
