0 0.21875 0.479492 0.034375 0.123047
0 0.353125 0.481445 0.04375 0.115234
0 0.470313 0.597656 0.284375 0.773438
0 0.740625 0.467773 0.021875 0.068359
0 0.2543658 0.4640258 0.01015625 0.04110441
0 0.262711 0.4649136 0.01122158 0.04021662
0 0.2845505 0.4626941 0.01015625 0.04199219
0 0.184586 0.4655794 0.0169034 0.04865056
0 0.8269087 0.469857 0.03850155 0.04412058
0 0.8441362 0.4768682 0.04651441 0.06014621
0 0.1584535 0.4558346 0.009254813 0.02408853
0 0.09486718 0.4727325 0.00674867 0.0337849
0 0.1046744 0.4644213 0.009075796 0.01882482
1 0.908594 0.481445 0.035937 0.064453
