0 0.539062 0.496094 0.08125 0.203125
0 0.309375 0.470703 0.025 0.070312
0 0.2875 0.47168 0.03125 0.087891
0 0.202344 0.474609 0.023438 0.070312
0 0.1125 0.469727 0.021875 0.064453
0 0.09375 0.466797 0.021875 0.070312
0 0.075 0.473633 0.025 0.068359
0 0.039844 0.477539 0.023438 0.072266
0 0.217188 0.470703 0.025 0.074219
0 0.180469 0.477539 0.026562 0.068359
0 0.01646205 0.4772506 0.02131696 0.07338169
2 0.669531 0.484375 0.048438 0.050781
2 0.755469 0.462891 0.098437 0.078125
2 0.496094 0.458984 0.035937 0.050781
2 0.24375 0.470703 0.05 0.050781
2 0.4762748 0.4549401 0.01377316 0.01468459
2 0.4385144 0.4563868 0.01811342 0.01540798
