0 0.601562 0.488281 0.034375 0.132812
0 0.575781 0.489258 0.032813 0.134766
0 0.40625 0.482422 0.04375 0.066406
0 0.355469 0.480469 0.035937 0.082031
0 0.329688 0.492188 0.03125 0.097656
0 0.298438 0.479492 0.040625 0.068359
0 0.245312 0.469727 0.0375 0.130859
0 0.205469 0.484375 0.029687 0.085938
0 0.180469 0.474609 0.035937 0.121094
0 0.151562 0.472656 0.034375 0.121094
0 0.027344 0.458984 0.023438 0.054688
0 0.111719 0.462891 0.023438 0.066406
0 0.528906 0.449219 0.026562 0.046875
0 0.505469 0.451172 0.026562 0.054688
0 0.4840284 0.4555663 0.01532941 0.05664063
0 0.2692145 0.465068 0.0140625 0.06403083
0 0.09480575 0.465068 0.01152872 0.05875212
0 0.08298142 0.47325 0.01237331 0.04449958
