0 0.636719 0.473633 0.054688 0.150391
0 0.783594 0.479492 0.057813 0.201172
0 0.869531 0.470703 0.042188 0.152344
0 0.9070311 0.485352 0.048438 0.169922
0 0.565625 0.475586 0.021875 0.044922
0 0.9835939 0.492188 0.029687 0.179688
0 0.5265542 0.4818119 0.01353283 0.05730271
0 0.5416495 0.4829705 0.0140625 0.06491658
0 0.6861145 0.4579771 0.01379771 0.04869571
0 0.4882665 0.4726329 0.01069713 0.04371998
1 0.792969 0.566406 0.057813 0.125
1 0.630469 0.525391 0.067187 0.09375
1 0.6912788 0.483136 0.0463718 0.03280589
2 0.35625 0.50293 0.15625 0.150391
2 0.182031 0.485352 0.145313 0.134766
2 0.08125 0.489258 0.053125 0.052734
2 0.036719 0.496094 0.073438 0.0625
2 0.2672669 0.4816595 0.02920673 0.05243391
2 0.2907044 0.4717436 0.0236779 0.03861177
