0 0.673438 0.488281 0.04375 0.144531
0 0.542969 0.493164 0.048438 0.087891
0 0.4875 0.490234 0.05 0.089844
0 0.449219 0.487305 0.032813 0.083984
0 0.416406 0.489258 0.054688 0.091797
0 0.36875 0.485352 0.046875 0.162109
0 0.749219 0.493164 0.045312 0.162109
0 0.78125 0.491211 0.034375 0.166016
0 0.839844 0.510742 0.042188 0.107422
0 0.314844 0.493164 0.023438 0.072266
0 0.136719 0.480469 0.035937 0.089844
0 0.201563 0.46875 0.028125 0.074219
0 0.6395317 0.4352735 0.01629467 0.03934151
0 0.2728669 0.4668384 0.01606572 0.07567105
0 0.2930992 0.4773552 0.01646635 0.07166463
0 0.338572 0.471596 0.01045673 0.06114784
0 0.173072 0.4824121 0.0133003 0.05473512
0 0.1856482 0.474552 0.01177591 0.06188074
