0 0.6022072 0.4692001 0.01229839 0.04529989
0 0.2778799 0.434646 0.008854151 0.01298255
0 0.3204657 0.4604962 0.01865809 0.05855545
0 0.5444378 0.4623349 0.008453513 0.03360376
1 0.769531 0.494141 0.048438 0.058594
2 0.107813 0.506836 0.209375 0.181641
2 0.242969 0.477539 0.092188 0.107422
2 0.299219 0.478516 0.048438 0.085938
2 0.378125 0.458984 0.028125 0.03125
2 0.670312 0.482422 0.084375 0.066406
2 0.895312 0.513672 0.20625 0.132812
2 0.5063723 0.460726 0.02513022 0.02693686
2 0.4873294 0.4599122 0.01699219 0.01961264
2 0.4718672 0.4560466 0.01536455 0.01676434
2 0.4534753 0.4542156 0.01634116 0.0147298
2 0.4370364 0.4509603 0.01080728 0.01635742
2 0.4207604 0.4513673 0.01601562 0.01798502
