0 0.192969 0.461914 0.029687 0.041016
0 0.473438 0.494141 0.034375 0.09375
0 0.432812 0.477539 0.034375 0.060547
0 0.567969 0.522461 0.070312 0.240234
0 0.626563 0.53125 0.053125 0.230469
0 0.700781 0.530273 0.057813 0.232422
0 0.8 0.53418 0.059375 0.240234
0 0.750781 0.526367 0.060937 0.216797
0 0.223871 0.4826577 0.01232638 0.06532118
0 0.2373259 0.4783174 0.01232641 0.07183161
0 0.2483936 0.4815726 0.009288192 0.06532121
0 0.2117182 0.4720783 0.008854175 0.04199219
2 0.104688 0.510742 0.20625 0.189453
2 0.33125 0.551758 0.2125 0.212891
