0 0.221094 0.495117 0.048438 0.115234
0 0.757812 0.480469 0.021875 0.085938
0 0.780469 0.476562 0.032813 0.074219
0 0.8132809 0.466797 0.051562 0.070312
0 0.846875 0.458008 0.028125 0.041016
0 0.967187 0.722656 0.059375 0.117188
0 0.01171875 0.4968307 0.01636029 0.05549175
0 0.4994644 0.4846787 0.006748676 0.03503156
1 0.04595589 0.5091813 0.01865809 0.03079045
2 0.864062 0.515625 0.265625 0.144531
2 0.41875 0.500977 0.08125 0.087891
2 0.1375 0.50293 0.125 0.107422
2 0.2625 0.496094 0.034375 0.03125
2 0.317188 0.494141 0.03125 0.027344
2 0.3331597 0.4919982 0.02100694 0.02712673
