0 0.970313 0.447266 0.053125 0.140625
0 0.869531 0.446289 0.023438 0.087891
0 0.745313 0.441406 0.025 0.066406
0 0.8148584 0.4390547 0.01730547 0.08391067
0 0.8253242 0.4186022 0.009345531 0.02384284
0 0.7211632 0.4299859 0.0180398 0.04066053
0 0.4717282 0.4587451 0.01167903 0.03512314
1 0.950781 0.566406 0.089063 0.148438
1 0.471641 0.4693604 0.007914972 0.02206069
2 0.635938 0.483398 0.190625 0.193359
2 0.425781 0.463867 0.042188 0.044922
2 0.340625 0.458984 0.040625 0.039062
2 0.3940346 0.4551359 0.02533298 0.03134605
2 0.3703794 0.4562969 0.01496394 0.01307091
