0 0.977344 0.508789 0.042188 0.193359
0 0.941406 0.521484 0.045312 0.15625
0 0.744531 0.504883 0.060937 0.154297
0 0.6875 0.49707 0.05625 0.158203
0 0.629687 0.492188 0.046875 0.15625
0 0.535156 0.480469 0.032813 0.089844
0 0.608594 0.483398 0.026562 0.091797
0 0.561719 0.490234 0.023438 0.085938
0 0.578125 0.488281 0.025 0.09375
0 0.4694246 0.4898518 0.0080966 0.04066047
0 0.4903053 0.4894967 0.007244349 0.04279119
0 0.5127485 0.4930479 0.008380699 0.05486503
0 0.4567826 0.488609 0.0112216 0.04101563
2 0.425 0.490234 0.05 0.046875
2 0.360938 0.486328 0.05625 0.046875
2 0.275781 0.492188 0.107813 0.097656
2 0.3921477 0.4893445 0.01712623 0.02868414
2 0.3277206 0.4830232 0.01884565 0.04627711
