0 0.692969 0.489258 0.029687 0.083984
0 0.736719 0.476562 0.023438 0.054688
0 0.932813 0.462891 0.021875 0.035156
0 0.946875 0.484375 0.03125 0.074219
0 0.829688 0.480469 0.028125 0.105469
0 0.7126736 0.4781668 0.0166667 0.07345921
0 0.6671007 0.4787094 0.01579862 0.05067277
0 0.8502604 0.4895601 0.0192708 0.08430991
0 0.9717882 0.4586356 0.01840277 0.04741752
0 0.1777472 0.4727562 0.008984375 0.0390625
0 0.1906379 0.4700706 0.01445313 0.03466797
0 0.2093879 0.4673851 0.01445313 0.03222656
2 0.0953125 0.582031 0.190625 0.296875
2 0.476562 0.551758 0.284375 0.291016
