0 0.898438 0.474609 0.034375 0.078125
0 0.95 0.470703 0.021875 0.082031
0 0.2196181 0.4457872 0.01059027 0.02300346
0 0.2319879 0.4468723 0.006684041 0.01649305
0 0.09296875 0.4718289 0.01875 0.08072913
0 0.1067708 0.4604356 0.02552083 0.0878906
0 0.7932765 0.459507 0.01027465 0.0489465
0 0.802983 0.4609867 0.01074815 0.04835466
0 0.9774639 0.4732222 0.02367792 0.07992786
0 0.146869 0.448757 0.02250845 0.06297511
2 0.698438 0.512695 0.171875 0.177734
2 0.929988 0.4720954 0.04050484 0.04311898
2 0.496956 0.4563245 0.01673017 0.02662921
2 0.5433998 0.4611846 0.0390625 0.03208706
