0 0.636719 0.478516 0.048438 0.136719
0 0.173437 0.486328 0.021875 0.082031
0 0.154688 0.481445 0.021875 0.087891
0 0.138281 0.487305 0.023438 0.083984
1 0.6375 0.533203 0.028125 0.089844
2 0.400781 0.47168 0.060937 0.072266
2 0.328906 0.46582 0.054688 0.072266
2 0.294531 0.481445 0.045312 0.068359
2 0.26875 0.482422 0.03125 0.070312
2 0.223438 0.495117 0.084375 0.076172
2 0.539844 0.46875 0.026562 0.03125
2 0.596875 0.484375 0.046875 0.0625
2 0.697656 0.495117 0.082812 0.095703
2 0.794531 0.529297 0.198437 0.152344
2 0.935156 0.542969 0.123438 0.28125
2 0.3645379 0.469489 0.02673142 0.04080448
2 0.4608168 0.4678501 0.01733289 0.02166608
2 0.4980624 0.4680773 0.02132993 0.01848656
2 0.5829098 0.4726194 0.05076308 0.05754909
