0 0.717187 0.459961 0.021875 0.087891
0 0.865625 0.457031 0.034375 0.082031
0 0.832812 0.458008 0.034375 0.087891
0 0.805469 0.460938 0.023438 0.097656
0 0.426563 0.467773 0.034375 0.068359
0 0.5193647 0.4583775 0.01634116 0.0456543
0 0.4991824 0.4593947 0.01829424 0.04443359
0 0.7036095 0.4595982 0.01308594 0.07983398
0 0.02990302 0.4609787 0.01675647 0.07516164
0 0.0550916 0.4564326 0.009482759 0.06135508
0 0.069639 0.4562642 0.01648707 0.06034482
0 0.09240302 0.4584531 0.01352371 0.04451779
0 0.1333513 0.4656931 0.01244612 0.06169179
0 0.1507274 0.4449832 0.0137931 0.02229255
0 0.20757 0.4598001 0.01217673 0.03845635
1 0.4291169 0.4970842 0.03858175 0.04071516
2 0.4477574 0.4655247 0.03184266 0.05394667
2 0.4780646 0.465188 0.02564659 0.04788524
2 0.3957639 0.4636726 0.02106681 0.02667025
2 0.4076174 0.4547489 0.0129849 0.02229255
