0 0.810937 0.481445 0.03125 0.099609
0 0.833594 0.481445 0.026562 0.083984
0 0.859375 0.483398 0.028125 0.091797
0 0.892188 0.483398 0.0375 0.091797
0 0.939063 0.480469 0.0375 0.105469
0 0.5949885 0.4773852 0.01006541 0.03620094
0 0.6087967 0.4805647 0.01006541 0.04074308
2 0.078906 0.549805 0.157812 0.314453
2 0.18125 0.506836 0.09375 0.126953
2 0.328906 0.488281 0.060937 0.070312
2 0.370312 0.484375 0.034375 0.046875
2 0.4625 0.526367 0.121875 0.138672
2 0.2313555 0.4969556 0.0350142 0.09037641
2 0.3957742 0.4825291 0.02365058 0.04731888
