0 0.840625 0.456055 0.0375 0.115234
0 0.878906 0.490234 0.064062 0.210938
0 0.694531 0.455078 0.023438 0.066406
0 0.717187 0.459961 0.025 0.068359
0 0.4690352 0.4622439 0.01302085 0.02929688
0 0.7619399 0.4390547 0.021138 0.06917012
1 0.872656 0.56543 0.132812 0.083984
1 0.4693356 0.4733627 0.005865812 0.02045977
2 0.60625 0.487305 0.171875 0.169922
2 0.422656 0.46875 0.035937 0.042969
2 0.341406 0.461914 0.035937 0.037109
2 0.398438 0.459961 0.028125 0.037109
2 0.3696281 0.4600529 0.01646635 0.01457331
