0 0.035937 0.505859 0.03125 0.105469
0 0.683594 0.494141 0.023438 0.078125
0 0.661719 0.494141 0.023438 0.082031
0 0.2459628 0.4794276 0.012884 0.04567847
0 0.1700795 0.5015161 0.02609295 0.1285291
2 0.517188 0.491211 0.053125 0.052734
2 0.365625 0.476562 0.034375 0.039062
2 0.324219 0.484375 0.045312 0.035156
2 0.275 0.491211 0.0625 0.044922
2 0.4505524 0.4754254 0.02074957 0.01939133
2 0.4347095 0.4743242 0.007649756 0.01034737
2 0.4134585 0.4736699 0.01162782 0.0137496
2 0.4231942 0.4714454 0.009324742 0.01244104
2 0.3824275 0.4735923 0.01260416 0.02539063
