0 0.678125 0.461914 0.03125 0.115234
0 0.704688 0.458984 0.028125 0.109375
0 0.795312 0.416016 0.028125 0.058594
0 0.81875 0.46582 0.03125 0.126953
0 0.914062 0.483398 0.04375 0.177734
0 0.953125 0.47168 0.0375 0.181641
0 0.865625 0.464844 0.040625 0.125
0 0.774219 0.460938 0.045312 0.132812
0 0.0109375 0.4485143 0.0203125 0.06770831
0 0.0234375 0.4416783 0.02447917 0.06184894
0 0.6565105 0.4631627 0.01979165 0.08658856
0 0.9868164 0.4621861 0.02480469 0.1510417
2 0.242188 0.475586 0.140625 0.138672
2 0.092188 0.449219 0.08125 0.070312
2 0.167969 0.450195 0.048438 0.056641
2 0.3127604 0.4465611 0.02604168 0.05208331
2 0.3434896 0.4556757 0.03125 0.02604166
