0 0.557813 0.475586 0.034375 0.130859
0 0.753906 0.483398 0.032813 0.099609
0 0.780469 0.478516 0.035937 0.109375
0 0.09416119 0.4727389 0.009950656 0.03248355
0 0.1034128 0.4647722 0.01200658 0.02374586
0 0.1615954 0.4544926 0.01652961 0.02785772
0 0.1854441 0.4652862 0.01159539 0.04944491
0 0.2522615 0.4629732 0.009539485 0.03556743
0 0.2613076 0.4627163 0.01036184 0.03813732
0 0.3227796 0.4660571 0.01241775 0.03453946
0 0.475329 0.4658001 0.0140625 0.03505343
0 0.2810444 0.4611743 0.009539461 0.03813735
0 0.8293585 0.469141 0.04202299 0.046875
0 0.8418997 0.4760797 0.04572373 0.06692022
1 0.909375 0.481445 0.0375 0.072266
1 0.4971217 0.4760798 0.01899672 0.02168998
1 0.4755806 0.4738224 0.01291919 0.01948363
2 0.436719 0.46582 0.042188 0.056641
2 0.4031661 0.4598894 0.02269735 0.02528784
