0 0.025781 0.491211 0.023438 0.064453
0 0.755469 0.496094 0.029687 0.113281
0 0.788281 0.498047 0.032813 0.101562
0 0.814063 0.496094 0.053125 0.132812
0 0.857031 0.498047 0.035937 0.121094
0 0.5039142 0.4832272 0.005894899 0.02512428
0 0.5126144 0.4830053 0.00625 0.02556819
0 0.2036992 0.4949054 0.008410895 0.04209605
0 0.2105144 0.4878409 0.01007314 0.03378493
0 0.060937 0.503906 0.046875 0.117188
0 0.290625 0.580078 0.221875 0.511719
1 0.04803856 0.5115277 0.01605718 0.02464265
2 0.378906 0.490234 0.032813 0.039062
2 0.592969 0.513672 0.273438 0.136719
2 0.140625 0.506836 0.1125 0.103516
2 0.3359375 0.4895813 0.0268466 0.02778766
2 0.3399306 0.4846197 0.01927085 0.02018231
