0 0.904687 0.532227 0.1875 0.580078
0 0.09198589 0.465063 0.01305443 0.07680193
0 0.1063508 0.4615977 0.02162299 0.08499244
0 0.2351311 0.4414364 0.0110383 0.02324849
0 0.2454637 0.4404914 0.01053429 0.01757813
0 0.3152257 0.4391567 0.008572626 0.01177153
0 0.3259943 0.4378371 0.009839535 0.01335517
0 0.7909628 0.4576322 0.0111064 0.04977831
0 0.8023649 0.4610634 0.01026182 0.05030617
0 0.9617821 0.4697733 0.01744089 0.08567357
0 0.9508024 0.470829 0.01659632 0.08461782
0 0.1513031 0.4469094 0.02039695 0.06033573
1 0.8485308 0.7416595 0.3013759 0.3264828
2 0.701562 0.509766 0.1625 0.167969
2 0.9822636 0.4555207 0.03391046 0.04555532
2 0.4950505 0.4565626 0.01977897 0.02615282
2 0.5558356 0.4587063 0.02930641 0.02377096
