0 0.380469 0.467773 0.035937 0.130859
0 0.421875 0.537109 0.09375 0.46875
0 0.507812 0.578125 0.23125 0.601562
0 0.751563 0.46582 0.025 0.068359
0 0.161719 0.460938 0.029687 0.046875
0 0.8433328 0.4757448 0.0487093 0.06343409
0 0.8268585 0.4698006 0.0415761 0.04729959
0 0.250432 0.4647055 0.00692935 0.03880775
0 0.2579048 0.4638563 0.0089674 0.04050612
0 0.2672458 0.4644932 0.006589675 0.04177991
0 0.2835502 0.4649177 0.0113451 0.04262906
0 0.1891208 0.4683145 0.009986413 0.0536685
0 0.09503339 0.4692003 0.008410901 0.03336936
0 0.1033446 0.4621358 0.008410906 0.01924038
1 0.910156 0.478516 0.029687 0.070312
