0 0.650781 0.462891 0.035937 0.136719
0 0.926562 0.455078 0.034375 0.117188
0 0.8209375 0.4453993 0.01843748 0.07226563
0 0.01663306 0.4754189 0.0155746 0.08436242
0 0.03931452 0.4719536 0.01658266 0.07239163
0 0.06905242 0.4486421 0.01355847 0.03332913
0 0.1890121 0.4675434 0.01759073 0.05979082
0 0.1716639 0.4703048 0.009839523 0.06455868
2 0.559375 0.488281 0.0625 0.125
2 0.432812 0.49707 0.221875 0.255859
2 0.292969 0.475586 0.054688 0.064453
2 0.241406 0.488281 0.092188 0.082031
2 0.5491431 0.4423417 0.04632058 0.03206906
