0 0.2536055 0.4432713 0.01073258 0.0159772
0 0.2680779 0.44103 0.009964156 0.012135
0 0.2981752 0.4596007 0.008171106 0.03134605
0 0.3098299 0.4469534 0.01150103 0.01373592
0 0.5945379 0.4704869 0.009708023 0.04415342
0 0.6045277 0.4719278 0.009707975 0.04319289
2 0.54375 0.476562 0.05 0.046875
2 0.457813 0.46875 0.046875 0.050781
2 0.372656 0.463867 0.029687 0.033203
2 0.320312 0.473633 0.040625 0.041016
2 0.344531 0.47168 0.026562 0.033203
2 0.257031 0.477539 0.079687 0.060547
2 0.3945978 0.4613323 0.01693606 0.02970096
2 0.4303799 0.4583275 0.01083832 0.01571801
