0 0.83125 0.492188 0.04375 0.140625
0 0.792969 0.499023 0.032813 0.115234
0 0.69375 0.464844 0.0375 0.078125
0 0.660156 0.490234 0.045312 0.113281
0 0.617188 0.482422 0.0375 0.121094
0 0.578906 0.487305 0.042188 0.119141
0 0.542969 0.477539 0.026562 0.091797
0 0.521094 0.478516 0.023438 0.089844
0 0.559375 0.479492 0.021875 0.083984
0 0.4633121 0.4845397 0.007862139 0.03462926
0 0.474562 0.4839829 0.007935047 0.03557751
2 0.374219 0.481445 0.035937 0.041016
2 0.428906 0.489258 0.032813 0.037109
2 0.31875 0.484375 0.075 0.070312
2 0.4030994 0.490591 0.0170867 0.02671373
