0 0.410156 0.484375 0.045312 0.140625
0 0.857812 0.46875 0.025 0.144531
0 0.875 0.469727 0.025 0.130859
0 0.904687 0.469727 0.040625 0.146484
0 0.790625 0.469727 0.034375 0.126953
0 0.771875 0.478516 0.03125 0.136719
0 0.757031 0.469727 0.023438 0.119141
0 0.4906684 0.4601699 0.01294641 0.02455357
0 0.7138093 0.4394628 0.008627701 0.04305366
0 0.7255281 0.4407366 0.0116848 0.04050612
0 0.7026674 0.4611639 0.01825457 0.09570313
0 0.01230469 0.450438 0.01210937 0.03564453
0 0.02207031 0.4558091 0.01445313 0.04345703
0 0.3310664 0.4670843 0.01107049 0.03295377
1 0.01875 0.487305 0.0375 0.037109
1 0.4914125 0.4729582 0.004761887 0.01199776
2 0.189844 0.480469 0.095312 0.089844
2 0.25625 0.477539 0.053125 0.072266
2 0.294531 0.474609 0.026562 0.054688
2 0.373437 0.467773 0.028125 0.029297
2 0.3932733 0.4641386 0.01114936 0.02022645
