0 0.07989477 0.4639333 0.02615928 0.0749118
0 0.1048444 0.4547977 0.02363911 0.08436239
0 0.1349792 0.4401459 0.01642993 0.04539534
1 0.07664696 0.4786783 0.02673142 0.03922087
1 0.1030405 0.4784144 0.02039697 0.04291594
2 0.029687 0.452148 0.053125 0.083984
2 0.183594 0.461914 0.107813 0.068359
2 0.280469 0.463867 0.070312 0.060547
2 0.378906 0.488281 0.123438 0.125
2 0.441406 0.469727 0.042188 0.060547
2 0.470313 0.46875 0.025 0.042969
2 0.4851213 0.4786165 0.0121686 0.03000709
2 0.5132936 0.4789125 0.0277936 0.02941525
