0 0.370312 0.457031 0.05 0.132812
0 0.526563 0.487305 0.06875 0.208984
0 0.76875 0.461914 0.059375 0.185547
0 0.8273441 0.486328 0.048438 0.199219
0 0.892969 0.459961 0.057813 0.162109
0 0.948438 0.488281 0.05625 0.230469
0 0.5705242 0.4457552 0.01587934 0.06845021
0 0.4173442 0.4589445 0.0119318 0.04110441
0 0.4049152 0.4498447 0.01051135 0.03888494
0 0.9831322 0.4812807 0.03217325 0.2315341
1 0.533594 0.549805 0.079687 0.119141
1 0.358594 0.504883 0.026562 0.083984
1 0.533594 0.549805 0.079687 0.119141
1 0.5765198 0.4784586 0.04603925 0.03302142
2 0.191406 0.464844 0.117188 0.109375
2 0.082031 0.448242 0.104688 0.099609
2 0.02469758 0.4475171 0.04783266 0.07239163
2 0.2649821 0.4583254 0.03706598 0.02897134
