0 0.130469 0.463867 0.026562 0.072266
0 0.109375 0.467773 0.025 0.076172
0 0.085938 0.46875 0.021875 0.058594
0 0.074219 0.444336 0.023438 0.052734
0 0.26875 0.450195 0.021875 0.052734
0 0.539062 0.450195 0.025 0.037109
0 0.2877125 0.4503745 0.01342473 0.05145887
0 0.5079719 0.4505738 0.01119261 0.04707432
0 0.7077649 0.4287168 0.01529603 0.01912007
0 0.4066406 0.4364782 0.009375 0.01416016
1 0.4912309 0.4593429 0.0140625 0.03113043
1 0.5188138 0.4579479 0.0124681 0.03232622
1 0.4547194 0.4583464 0.01501913 0.03232619
2 0.629687 0.487305 0.096875 0.103516
2 0.701562 0.505859 0.140625 0.140625
2 0.853906 0.52832 0.279687 0.212891
