0 0.557031 0.466797 0.029687 0.0625
0 0.582031 0.457031 0.029687 0.097656
0 0.732812 0.474609 0.040625 0.128906
0 0.832812 0.470703 0.021875 0.140625
0 0.864062 0.423828 0.034375 0.066406
0 0.021875 0.455078 0.028125 0.054688
0 0.7535176 0.4568033 0.02314682 0.1506632
0 0.770051 0.4652063 0.02132997 0.1502089
0 0.7849492 0.4629352 0.02569041 0.1520258
0 0.8822674 0.4093378 0.02605372 0.04937318
0 0.07380319 0.4550223 0.01306516 0.0499917
0 0.09109043 0.4668658 0.01240026 0.07201627
0 0.09973405 0.4679047 0.009075791 0.07076961
0 0.1085439 0.4689435 0.0140625 0.06786069
0 0.1961617 0.460271 0.01508152 0.03795856
2 0.279687 0.480469 0.059375 0.054688
2 0.313281 0.46582 0.051562 0.056641
2 0.428906 0.476562 0.126562 0.152344
2 0.509375 0.480469 0.065625 0.089844
2 0.5220424 0.455138 0.04252233 0.06291854
