0 0.648438 0.481445 0.05 0.115234
0 0.820312 0.464844 0.040625 0.117188
0 0.797656 0.467773 0.026562 0.119141
0 0.85625 0.46875 0.034375 0.113281
0 0.885156 0.458984 0.029687 0.125
0 0.132149 0.4627914 0.008854163 0.02888569
0 0.143388 0.4602215 0.009950662 0.02580184
0 0.1579165 0.4598788 0.01049889 0.02854303
0 0.5045945 0.4592785 0.007269001 0.02012566
0 0.6829201 0.4471096 0.01480656 0.02594867
0 0.5468432 0.4628979 0.008072901 0.02604166
2 0.428906 0.473633 0.054688 0.064453
2 0.275 0.484375 0.090625 0.09375
2 0.377344 0.470703 0.029687 0.03125
2 0.4013336 0.4707425 0.01745925 0.04305366
2 0.3882473 0.4647982 0.0140625 0.02861753
