0 0.973437 0.436523 0.040625 0.052734
0 0.914062 0.435547 0.021875 0.046875
0 0.899219 0.456055 0.032813 0.041016
0 0.832812 0.461914 0.025 0.103516
0 0.8718454 0.4542095 0.01992187 0.08544922
0 0.1127534 0.4587904 0.0144848 0.05980787
0 0.6531669 0.4467942 0.01191792 0.03864121
0 0.5350603 0.448326 0.01222429 0.03021601
0 0.6423619 0.4416339 0.01114936 0.02982652
0 0.5036743 0.4439482 0.005761719 0.01086426
0 0.5094116 0.4437957 0.006982422 0.01177979
0 0.5457885 0.4447112 0.009912109 0.0166626
2 0.202344 0.498047 0.179688 0.164062
2 0.386719 0.459961 0.023438 0.029297
2 0.451562 0.457031 0.021875 0.027344
2 0.489844 0.458008 0.029687 0.037109
2 0.578906 0.487305 0.098437 0.087891
2 0.299219 0.461914 0.032813 0.044922
2 0.4043044 0.4518338 0.01666667 0.02176338
