0 0.957812 0.549805 0.078125 0.396484
0 0.872656 0.450195 0.054688 0.076172
0 0.707031 0.498047 0.035937 0.105469
0 0.659375 0.490234 0.0375 0.109375
0 0.617969 0.492188 0.035937 0.105469
0 0.591406 0.490234 0.026562 0.105469
0 0.571094 0.486328 0.035937 0.105469
0 0.547656 0.482422 0.029687 0.109375
0 0.524219 0.491211 0.023438 0.064453
0 0.464062 0.490234 0.021875 0.046875
0 0.4809024 0.4927777 0.01049891 0.04910225
0 0.4996799 0.4914071 0.01515899 0.05184349
1 0.7645534 0.5218297 0.06375513 0.09186089
2 0.149219 0.522461 0.220312 0.181641
2 0.342969 0.491211 0.067187 0.064453
2 0.421094 0.495117 0.045312 0.041016
2 0.389062 0.493164 0.025 0.029297
