0 0.114062 0.474609 0.04375 0.105469
0 0.138281 0.482422 0.023438 0.09375
0 0.825 0.474609 0.034375 0.113281
0 0.857812 0.477539 0.034375 0.115234
0 0.276562 0.47168 0.028125 0.041016
0 0.0125 0.4918403 0.01822917 0.05664065
0 0.165625 0.4758897 0.009895826 0.046875
0 0.1776042 0.4768663 0.008854163 0.04492188
0 0.1875 0.4817491 0.0078125 0.03515625
0 0.2161458 0.4550564 0.008854175 0.01822916
0 0.23125 0.4563585 0.008854151 0.01302084
1 0.113281 0.524414 0.048438 0.052734
1 0.275 0.500977 0.03125 0.041016
2 0.226562 0.492188 0.071875 0.0625
2 0.334375 0.476562 0.084375 0.085938
2 0.48125 0.501953 0.146875 0.152344
2 0.390625 0.470703 0.034375 0.046875
2 0.389062 0.480469 0.025 0.050781
