0 0.765625 0.487305 0.053125 0.146484
0 0.795312 0.439453 0.034375 0.066406
0 0.639844 0.452148 0.026562 0.060547
0 0.6630376 0.4517128 0.0192708 0.05850074
0 0.73149 0.4531078 0.01852679 0.07896206
0 0.4600931 0.4628277 0.01343751 0.02890626
1 0.754687 0.526367 0.084375 0.095703
1 0.4596021 0.4732026 0.005865765 0.01949924
2 0.566406 0.478516 0.126562 0.136719
2 0.417969 0.466797 0.035937 0.039062
2 0.339062 0.458984 0.03125 0.039062
2 0.38125 0.459961 0.028125 0.029297
2 0.3548312 0.4598158 0.01159539 0.02408856
