0 0.736719 0.49707 0.048438 0.185547
0 0.688281 0.503906 0.051562 0.1875
0 0.653125 0.494141 0.04375 0.179688
0 0.607812 0.49707 0.046875 0.162109
0 0.567969 0.459961 0.026562 0.099609
0 0.514062 0.459961 0.034375 0.099609
0 0.5494888 0.4579196 0.009752179 0.07617188
0 0.6340383 0.4904699 0.02371326 0.1588925
2 0.05 0.504883 0.096875 0.345703
2 0.175 0.46582 0.14375 0.134766
2 0.355469 0.567383 0.323437 0.306641
2 0.847656 0.482422 0.229687 0.167969
2 0.876563 0.507812 0.24375 0.207031
2 0.9367191 0.548828 0.123438 0.234375
2 0.135937 0.498047 0.109375 0.128906
