0 0.0375 0.503906 0.0375 0.113281
0 0.247656 0.49707 0.029687 0.130859
0 0.692187 0.491211 0.021875 0.072266
0 0.671875 0.498047 0.025 0.089844
0 0.2413826 0.4711014 0.008940816 0.03480846
2 0.28125 0.490234 0.05 0.046875
2 0.360938 0.477539 0.0375 0.037109
2 0.517188 0.492188 0.05 0.054688
2 0.4505463 0.4745829 0.01632218 0.01742193
2 0.435245 0.4752039 0.009565735 0.01121199
2 0.3825845 0.4750797 0.01393755 0.02537069
2 0.3274401 0.4845189 0.04235432 0.03431302
2 0.4133859 0.4732167 0.01115551 0.01270238
2 0.422825 0.4723473 0.01016188 0.01146036
