0 0.426563 0.472656 0.053125 0.128906
0 0.615625 0.490234 0.05 0.113281
0 0.198437 0.541016 0.1375 0.488281
0 0.280469 0.581055 0.285938 0.619141
0 0.753125 0.466797 0.028125 0.070312
0 0.480469 0.467773 0.023438 0.037109
0 0.8294066 0.4693276 0.0411458 0.05013019
0 0.8419067 0.475621 0.0453125 0.0635851
0 0.1645833 0.4615151 0.01510416 0.04492188
0 0.1911458 0.4641193 0.01336806 0.04926214
0 0.09403606 0.4708625 0.009740693 0.03253824
0 0.103677 0.4631747 0.009740693 0.01716256
1 0.910937 0.479492 0.028125 0.064453
2 0.445312 0.46582 0.021875 0.052734
2 0.4079861 0.459562 0.02690973 0.02105033
