0 0.89375 0.457031 0.028125 0.054688
0 0.035937 0.504883 0.028125 0.103516
0 0.3020683 0.4706597 0.008260107 0.01861295
0 0.3111542 0.4654414 0.009733486 0.01799905
0 0.569243 0.4784871 0.01218915 0.02690077
0 0.7625027 0.4548514 0.01218915 0.02014774
0 0.880901 0.4660553 0.01464481 0.03211901
0 0.7947754 0.4699923 0.04572368 0.03196955
0 0.2819339 0.4607962 0.007914948 0.01149461
2 0.517188 0.487305 0.046875 0.052734
2 0.325781 0.484375 0.045312 0.042969
2 0.274219 0.491211 0.057813 0.052734
2 0.3625 0.476562 0.03125 0.035156
2 0.4130403 0.4734138 0.009457255 0.01223272
2 0.4475797 0.4748529 0.01504936 0.01387748
2 0.4212863 0.4717056 0.00552516 0.009121299
2 0.4305486 0.4735178 0.01245165 0.01073214
2 0.8287761 0.5066117 0.3408854 0.1315104
2 0.3826358 0.4750246 0.01385417 0.02513021
