0 0.90625 0.449219 0.09375 0.277344
0 0.792969 0.447266 0.095312 0.296875
0 0.592969 0.432617 0.042188 0.193359
0 0.563281 0.422852 0.032813 0.123047
0 0.478125 0.416016 0.021875 0.066406
0 0.616406 0.422852 0.029687 0.123047
0 0.4931541 0.4207166 0.01389265 0.05303159
0 0.5006269 0.4177445 0.012534 0.05472997
0 0.5169314 0.4247503 0.0169497 0.05175781
0 0.5229605 0.4176384 0.0154212 0.05961275
0 0.5400494 0.4194743 0.01210937 0.04757255
2 0.423438 0.423828 0.0375 0.035156
2 0.367969 0.416016 0.045312 0.050781
2 0.347656 0.429688 0.051562 0.0625
2 0.3981092 0.4199386 0.01352372 0.01690465
