0 0.090625 0.484375 0.053125 0.117188
0 0.339062 0.453125 0.025 0.082031
0 0.346875 0.490234 0.034375 0.105469
0 0.507812 0.486328 0.053125 0.125
0 0.557813 0.492188 0.034375 0.121094
0 0.736719 0.464844 0.026562 0.105469
0 0.709375 0.46875 0.028125 0.09375
0 0.779687 0.480469 0.04375 0.132812
0 0.869531 0.473633 0.032813 0.134766
0 0.903125 0.46875 0.040625 0.140625
0 0.03158968 0.4487766 0.01745924 0.023947
0 0.05027174 0.4530225 0.01677989 0.02309784
0 0.06912364 0.4538717 0.01236413 0.02649456
0 0.4884511 0.4606652 0.01474185 0.02224863
0 0.5287054 0.4507378 0.006562519 0.02148438
1 0.021875 0.494141 0.028125 0.035156
1 0.4877717 0.4772243 0.007269001 0.01630434
2 0.189062 0.484375 0.1 0.089844
2 0.267969 0.480469 0.073438 0.074219
2 0.311719 0.472656 0.042188 0.050781
2 0.379688 0.46875 0.034375 0.03125
2 0.4125 0.470703 0.0375 0.035156
