0 0.185938 0.475586 0.025 0.083984
0 0.309375 0.463867 0.025 0.056641
0 0.1125 0.472656 0.028125 0.097656
0 0.091406 0.482422 0.023438 0.117188
0 0.202344 0.464844 0.026562 0.082031
0 0.07100184 0.4709549 0.01727941 0.1094899
0 0.1668081 0.4795274 0.01766827 0.07266626
0 0.290105 0.4652117 0.01364019 0.06086358
0 0.2477638 0.4647766 0.01373699 0.06111655
0 0.2638771 0.4649801 0.0140625 0.06152344
2 0.353125 0.478516 0.059375 0.058594
2 0.396094 0.46875 0.035937 0.039062
2 0.440625 0.482422 0.06875 0.066406
