0 0.253906 0.500977 0.042188 0.158203
0 0.451562 0.498047 0.04375 0.152344
0 0.038281 0.470703 0.026562 0.0625
0 0.071094 0.47168 0.029687 0.064453
0 0.421094 0.464844 0.032813 0.070312
0 0.6702379 0.455986 0.008580017 0.03573874
0 0.6185657 0.4460491 0.008305883 0.02545917
0 0.6448815 0.4534161 0.008854151 0.03334022
0 0.6785987 0.4553007 0.008305883 0.03985062
0 0.6869594 0.4571853 0.007483578 0.03676671
0 0.1962778 0.4416307 0.01406251 0.02866343
1 0.475781 0.521484 0.048438 0.085938
1 0.405469 0.529297 0.048438 0.078125
2 0.574219 0.478516 0.029687 0.078125
2 0.525781 0.482422 0.092188 0.09375
