0 0.342187 0.46875 0.021875 0.085938
0 0.590625 0.450195 0.021875 0.072266
0 0.634375 0.451172 0.021875 0.066406
0 0.66875 0.447266 0.021875 0.0625
0 0.1 0.469727 0.021875 0.064453
0 0.075 0.469727 0.021875 0.072266
0 0.1861423 0.465825 0.01870778 0.06561443
0 0.2083129 0.4645053 0.01152873 0.05136192
0 0.2725021 0.4584348 0.01068411 0.03183067
0 0.5765562 0.4531561 0.01744084 0.06983739
0 0.6164633 0.4555315 0.02208614 0.07775551
0 0.7150697 0.445238 0.02250848 0.07933912
0 0.7625781 0.4341527 0.01448479 0.05294552
0 0.809242 0.4468216 0.02166381 0.07406038
2 0.502344 0.458984 0.045312 0.046875
2 0.244531 0.467773 0.057813 0.052734
2 0.4378315 0.4544757 0.02039695 0.01863384
2 0.478372 0.4536839 0.01364021 0.01705024
