0 0.80625 0.494141 0.028125 0.113281
0 0.834375 0.490234 0.03125 0.117188
0 0.892969 0.495117 0.035937 0.119141
0 0.0125 0.461914 0.021875 0.044922
0 0.038281 0.46875 0.023438 0.03125
0 0.064844 0.487305 0.023438 0.076172
0 0.7753958 0.4659853 0.02397103 0.05521151
0 0.08305027 0.4724444 0.01032608 0.03031591
0 0.1438578 0.4668992 0.01190733 0.01690462
0 0.582851 0.4803863 0.0140625 0.01676431
0 0.5211648 0.4732655 0.01048179 0.02205402
1 0.782031 0.529297 0.035937 0.070312
2 0.320312 0.50293 0.078125 0.099609
2 0.485938 0.481445 0.03125 0.037109
2 0.54375 0.5 0.078125 0.074219
2 0.209375 0.513672 0.184375 0.179688
2 0.4493516 0.4795271 0.01756463 0.02667028
2 0.3947988 0.4818844 0.01675649 0.02128232
2 0.40544 0.4743076 0.01487067 0.02027211
