0 0.782031 0.477539 0.035937 0.126953
0 0.745313 0.484375 0.034375 0.109375
0 0.675781 0.464844 0.032813 0.09375
0 0.639062 0.476562 0.03125 0.101562
0 0.601562 0.470703 0.034375 0.113281
0 0.560156 0.472656 0.029687 0.097656
0 0.532031 0.464844 0.032813 0.082031
0 0.586719 0.466797 0.023438 0.085938
0 0.5189009 0.4723198 0.01179433 0.04876512
0 0.5076861 0.47547 0.01053429 0.03679436
0 0.4710006 0.473689 0.007862091 0.03276911
2 0.339062 0.474609 0.071875 0.066406
2 0.383594 0.47168 0.035937 0.037109
2 0.436719 0.480469 0.042188 0.042969
2 0.4097778 0.4764151 0.0173387 0.02545363
