0 0.414062 0.493164 0.05 0.130859
0 0.730469 0.493164 0.026562 0.091797
0 0.704688 0.491211 0.021875 0.095703
0 0.0375 0.499023 0.034375 0.107422
0 0.2220399 0.4640096 0.01016908 0.0211716
2 0.274219 0.486328 0.054688 0.050781
2 0.322656 0.477539 0.035937 0.037109
2 0.363281 0.474609 0.029687 0.039062
2 0.51875 0.486328 0.046875 0.054688
2 0.450418 0.4703954 0.01973224 0.02157909
2 0.4701695 0.4680807 0.02590461 0.01849288
2 0.4345241 0.4680808 0.01078229 0.01309207
2 0.4028611 0.4703734 0.007590198 0.0159232
2 0.3819816 0.4710885 0.01617084 0.026649
