0 0.052344 0.470703 0.023438 0.070312
0 0.06824066 0.4802634 0.01852678 0.07776624
0 0.1487572 0.4762774 0.01438137 0.05624205
0 0.1887439 0.4707832 0.01197917 0.05696616
0 0.196947 0.470946 0.009114588 0.05143228
0 0.1684314 0.4517403 0.009895826 0.02669272
0 0.1758533 0.455972 0.01015625 0.02994794
0 0.2280668 0.4645984 0.01041667 0.03222656
0 0.5164081 0.4692183 0.01237979 0.04462138
0 0.5387639 0.4711714 0.01382213 0.05093148
0 0.5555908 0.4756786 0.01334133 0.05754206
0 0.5720571 0.4543445 0.009254789 0.02809495
0 0.02625868 0.4741964 0.01796875 0.06423613
0 0.4240709 0.4710752 0.01059027 0.03462923
2 0.369531 0.476562 0.032813 0.039062
2 0.39375 0.473633 0.025 0.033203
2 0.45 0.477539 0.065625 0.056641
2 0.488281 0.480469 0.035937 0.042969
2 0.502959 0.4602352 0.01927085 0.02058294
