0 0.600781 0.486328 0.035937 0.183594
0 0.622656 0.503906 0.035937 0.175781
0 0.653125 0.484375 0.03125 0.175781
0 0.689063 0.492188 0.040625 0.203125
0 0.71875 0.500977 0.053125 0.197266
0 0.757812 0.491211 0.046875 0.193359
0 0.526563 0.455078 0.0375 0.101562
0 0.559375 0.451172 0.021875 0.085938
0 0.578125 0.452148 0.028125 0.103516
2 0.880469 0.483398 0.229687 0.181641
2 0.894531 0.518555 0.204687 0.216797
2 0.355469 0.561523 0.329688 0.306641
2 0.145313 0.466797 0.1875 0.144531
2 0.121094 0.491211 0.117188 0.134766
2 0.057813 0.492188 0.06875 0.167969
