0 0.289062 0.446289 0.028125 0.068359
0 0.359375 0.451172 0.025 0.082031
0 0.380469 0.448242 0.029687 0.083984
0 0.417969 0.459961 0.026562 0.091797
0 0.582812 0.463867 0.028125 0.103516
0 0.545312 0.46875 0.028125 0.109375
0 0.901563 0.492188 0.084375 0.230469
0 0.742969 0.476562 0.054688 0.15625
0 0.315625 0.458008 0.025 0.072266
0 0.4489135 0.477395 0.02522326 0.1084582
0 0.4648574 0.4604546 0.02139669 0.1120456
0 0.5166785 0.4733293 0.01788192 0.1304254
0 0.528484 0.4761505 0.02413196 0.1299913
2 0.089844 0.535156 0.179688 0.222656
2 0.634375 0.463867 0.065625 0.064453
2 0.710156 0.470703 0.042188 0.046875
2 0.846094 0.435547 0.054688 0.027344
2 0.49375 0.460938 0.03125 0.0625
