0 0.903125 0.485352 0.0375 0.150391
0 0.8625 0.467773 0.0375 0.162109
0 0.8364956 0.4706225 0.02633924 0.1319754
0 0.9874442 0.4950366 0.02354908 0.1598772
0 0.05963579 0.4283492 0.01529605 0.0751439
0 0.08019499 0.4296342 0.02105263 0.07976976
0 0.1108282 0.4165277 0.01817434 0.04019326
2 0.0375 0.423828 0.06875 0.074219
2 0.151562 0.432617 0.096875 0.068359
2 0.235937 0.432617 0.059375 0.060547
2 0.313281 0.457031 0.120313 0.117188
2 0.377344 0.443359 0.026562 0.058594
2 0.400742 0.4406281 0.02633929 0.05385044
2 0.4236215 0.4538814 0.02522321 0.02873886
