0 0.93125 0.461914 0.04375 0.119141
0 0.634375 0.487305 0.065625 0.220703
0 0.1625 0.463867 0.04375 0.134766
0 0.119531 0.476562 0.048438 0.152344
0 0.094531 0.521484 0.048438 0.148438
0 0.048438 0.490234 0.065625 0.179688
0 0.1585808 0.4581272 0.021875 0.1337377
0 0.5477387 0.4595999 0.01333575 0.04755634
0 0.5368375 0.4473361 0.006795072 0.03029615
0 0.5802605 0.459827 0.01733284 0.05891171
0 0.7979651 0.4798125 0.1001817 0.1897257
1 0.939063 0.489258 0.0875 0.072266
2 0.358594 0.62207 0.501563 0.470703
2 0.9267805 0.4518782 0.1383358 0.06935865
2 0.08994932 0.4717005 0.1546875 0.1057327
