0 0.736719 0.476562 0.026562 0.132812
0 0.776563 0.478516 0.059375 0.214844
0 0.594531 0.467773 0.026562 0.064453
0 0.028125 0.504883 0.05625 0.212891
0 0.565625 0.470703 0.025 0.0625
0 0.551562 0.469727 0.021875 0.064453
0 0.498437 0.47168 0.021875 0.056641
0 0.5361722 0.4703385 0.01145835 0.06129095
0 0.5205472 0.4761513 0.009226179 0.04873514
0 0.5264996 0.4673158 0.01071429 0.05059525
2 0.383594 0.478516 0.035937 0.042969
2 0.407031 0.478516 0.026562 0.027344
2 0.441406 0.478516 0.042188 0.042969
